//////////////////////////////////////////////////////////////////////////////////////////////////////////////////////////////
// Class:
// 	DW -> 0
// 	DK -> 1
// 	FE -> 2
// 	MG -> 3
// 	DL -> 4
// 	SU -> 5
//	RF -> 6
//////////////////////////////////////////////////////////////////////////////////////////////////////////////////////////////
//Start Character Buff
//////////////////////////////////////////////////////////////////////////////////////////////////////////////////////////////
	//Class  Section   Type   Level   Dur   Skill   Luck   Option   ExcOp	SetOp	JoH	OEx	Socket1	Socket2	Socket3	Socket4	Socket5 Time
0
	0 	 7         3      7       0     0       0      0        0	0	0	0	255	255	255	255	255	80000
	0 	 8         3      7       0     0       0      0        0	0	0	0	255	255	255	255	255	80000
	0 	 9         3      7       0     0       0      0        0	0	0	0	255	255	255	255	255	80000
	0 	 10        3      7       0     0       0      0        0	0	0	0	255	255	255	255	255	80000
	0 	 11        3      7       0     0       0      0        0	0	0	0	255	255	255	255	255	80000
	1 	 7         1      7       0     0       0      0        0	0	0	0	255	255	255	255	255	80000
	1 	 8         1      7       0     0       0      0        0	0	0	0	255	255	255	255	255	80000
	1 	 9         1      7       0     0       0      0        0	0	0	0	255	255	255	255	255	80000
	1 	 10        1      7       0     0       0      0        0	0	0	0	255	255	255	255	255	80000
	1 	 11        1      7       0     0       0      0        0	0	0	0	255	255	255	255	255	80000		
end

//////////////////////////////////////////////////////////////////////////////////////////////////////////////////////////////
//Start Character Buff
//////////////////////////////////////////////////////////////////////////////////////////////////////////////////////////////
1
	//Class	Effect	Power1	Power2	Time 
	0	39	30	0	2
end
