1	1	4000	3636	15	0	1	7	63	0	0	0	254	254	254	254	254	0	0	//Hades Casco
1	2	4000	4148	15	0	1	7	63	0	0	0	254	254	254	254	254	0	0	//Hades Armadura
1	3	4000	4660	15	0	1	7	63	0	0	0	254	254	254	254	254	0	0	//Hades pantalones
1	4	4000	5172	15	0	1	7	63	0	0	0	254	254	254	254	254	0	0	//Hades Botas
1	5	4000	5684	15	0	1	7	63	0	0	0	254	254	254	254	254	0	0	//Hades Guantes
1	6	4000	3635	15	0	1	7	63	0	0	0	254	254	254	254	254	0	0	//Royal Casco
1	7	4000	4147	15	0	1	7	63	0	0	0	254	254	254	254	254	0	0	//Royal Armadura
1	8	4000	4659	15	0	1	7	63	0	0	0	254	254	254	254	254	0	0	//Royal Pantalones
1	9	4000	5171	15	0	1	7	63	0	0	0	254	254	254	254	254	0	0	//Royal Guantes
1	10	4000	5683	15	0	1	7	63	0	0	0	254	254	254	254	254	0	0	//Royal Botas
1	11	4000	3634	15	0	1	7	63	0	0	0	254	254	254	254	254	0	0	//Faith Casco
1	12	4000	4146	15	0	1	7	63	0	0	0	254	254	254	254	254	0	0	//Faith Armadura
1	13	4000	4658	15	0	1	7	63	0	0	0	254	254	254	254	254	0	0	//Faith Pantalones
1	14	4000	5170	15	0	1	7	63	0	0	0	254	254	254	254	254	0	0	//Faith Guantes
1	15	4000	5682	15	0	1	7	63	0	0	0	254	254	254	254	254	0	0	//Faith Botas
1	16	4000	3633	15	0	1	7	63	0	0	0	254	254	254	254	254	0	0	//Seraphim Casco
1	17	4000	4145	15	0	1	7	63	0	0	0	254	254	254	254	254	0	0	//Seraphim Armadura
1	18	4000	4657	15	0	1	7	63	0	0	0	254	254	254	254	254	0	0	//Seraphim Pantalones
1	19	4000	5169	15	0	1	7	63	0	0	0	254	254	254	254	254	0	0	//Seraphim Guantes
1	20	4000	5681	15	0	1	7	63	0	0	0	254	254	254	254	254	0	0	//Seraphim Botas
1	21	4000	4144	15	0	1	7	63	0	0	0	254	254	254	254	254	0	0	// Phantom Armadura
1	22	4000	4656	15	0	1	7	63	0	0	0	254	254	254	254	254	0	0	//Phantom Pantalones
1	23	4000	5168	15	0	1	7	63	0	0	0	254	254	254	254	254	0	0	//Phantom Guantes
1	24	4000	5680	15	0	1	7	63	0	0	0	254	254	254	254	254	0	0	//Phantom Botas
1	25	4000	4143	15	0	1	7	63	0	0	0	254	254	254	254	254	0	0	//Destroy Armadura
1	26	4000	4655	15	0	1	7	63	0	0	0	254	254	254	254	254	0	0	//Destroy Pantalones
1	27	4000	5167	15	0	1	7	63	0	0	0	254	254	254	254	254	0	0	//Destroy Guantes
1	28	4000	5679	15	0	1	7	63	0	0	0	254	254	254	254	254	0	0	//Destroy Botas
1	29	4000	3630	15	0	1	7	63	0	0	0	254	254	254	254	254	0	0	//Brave Casco
1	30	4000	4142	15	0	1	7	63	0	0	0	254	254	254	254	254	0	0	//Brave Armadura
1	31	4000	4654	15	0	1	7	63	0	0	0	254	254	254	254	254	0	0	//Brave Pantalones
1	32	4000	5166	15	0	1	7	63	0	0	0	254	254	254	254	254	0	0	//Brave Guantes
1	33	4000	5678	15	0	1	7	63	0	0	0	254	254	254	254	254	0	0	//Brave Botas
1	34	4000	3629	15	0	1	7	63	0	0	0	254	254	254	254	254	0	0	//Titan Casco
1	35	4000	4141	15	0	1	7	63	0	0	0	254	254	254	254	254	0	0	//Titan Armadura
1	36	4000	4653	15	0	1	7	63	0	0	0	254	254	254	254	254	0	0	//Titan Pantalones
1	37	4000	5165	15	0	1	7	63	0	0	0	254	254	254	254	254	0	0	//Titan Guantes
1	38	4000	5677	15	0	1	7	63	0	0	0	254	254	254	254	254	0	0	//Titan Botas
1	39	4000	3628	15	0	1	7	63	0	0	0	254	254	254	254	254	0	0	//Lilium Casco
1	40	4000	4140	15	0	1	7	63	0	0	0	254	254	254	254	254	0	0	//Lilium Armadura
1	41	4000	4652	15	0	1	7	63	0	0	0	254	254	254	254	254	0	0	//Lilium Pantalones
1	42	4000	5164	15	0	1	7	63	0	0	0	254	254	254	254	254	0	0	//Lilium Guantes
1	43	4000	5676	15	0	1	7	63	0	0	0	254	254	254	254	254	0	0	//Lilium Botas
2	44	3500	3627	15	0	1	7	63	0	0	0	255	255	255	255	255	0	0	//Aura
2	45	3500	4139	15	0	1	7	63	0	0	0	255	255	255	255	255	0	0	//Aura
2	46	3500	4651	15	0	1	7	63	0	0	0	255	255	255	255	255	0	0	//Aura
2	47	3500	5163	15	0	1	7	63	0	0	0	255	255	255	255	255	0	0	//Aura
2	48	3500	5675	15	0	1	7	63	0	0	0	255	255	255	255	255	0	0	//Aura
2	49	3500	3617	15	0	1	7	63	0	0	0	255	255	255	255	255	0	0	//Sunlight
2	50	3500	4129	15	0	1	7	63	0	0	0	255	255	255	255	255	0	0	//Sunlight
2	51	3500	4641	15	0	1	7	63	0	0	0	255	255	255	255	255	0	0	//Sunlight
2	52	3500	5153	15	0	1	7	63	0	0	0	255	255	255	255	255	0	0	//Sunlight
2	53	3500	5665	15	0	1	7	63	0	0	0	255	255	255	255	255	0	0	//Sunlight
2	54	3500	3616	15	0	1	7	63	0	0	0	255	255	255	255	255	0	0	//Volcano 
2	55	3500	4128	15	0	1	7	63	0	0	0	255	255	255	255	255	0	0	//Volcano 
2	56	3500	4640	15	0	1	7	63	0	0	0	255	255	255	255	255	0	0	//Volcano 
2	57	3500	5152	15	0	1	7	63	0	0	0	255	255	255	255	255	0	0	//Volcano 
2	58	3500	5664	15	0	1	7	63	0	0	0	255	255	255	255	255	0	0	//Volcano 
2	59	3500	3615	15	0	1	7	63	0	0	0	255	255	255	255	255	0	0	//Sylphid Ray
2	60	3500	4127	15	0	1	7	63	0	0	0	255	255	255	255	255	0	0	//Sylphid Ray
2	61	3500	4639	15	0	1	7	63	0	0	0	255	255	255	255	255	0	0	//Sylphid Ray
2	62	3500	5151	15	0	1	7	63	0	0	0	255	255	255	255	255	0	0	//Sylphid Ray
2	63	3500	5663	15	0	1	7	63	0	0	0	255	255	255	255	255	0	0	//Sylphid Ray
2	64	3500	3614	15	0	1	7	63	0	0	0	255	255	255	255	255	0	0	//Venom Mist
2	65	3500	4126	15	0	1	7	63	0	0	0	255	255	255	255	255	0	0	//Venom Mist
2	66	3500	4638	15	0	1	7	63	0	0	0	255	255	255	255	255	0	0	//Venom Mist
2	67	3500	5150	15	0	1	7	63	0	0	0	255	255	255	255	255	0	0	//Venom Mist
2	68	3500	5662	15	0	1	7	63	0	0	0	255	255	255	255	255	0	0	//Venom Mist
2	69	3500	3613	15	0	1	7	63	0	0	0	255	255	255	255	255	0	0	//Dragon Knight
2	70	3500	4125	15	0	1	7	63	0	0	0	255	255	255	255	255	0	0	//Dragon Knight
2	71	3500	4637	15	0	1	7	63	0	0	0	255	255	255	255	255	0	0	//Dragon Knight
2	72	3500	5149	15	0	1	7	63	0	0	0	255	255	255	255	255	0	0	//Dragon Knight
2	73	3500	5661	15	0	1	7	63	0	0	0	255	255	255	255	255	0	0	//Dragon Knight
3	74	3000	3584	15	0	1	7	63	0	0	0	255	255	255	255	255	0	0	//Bronce
3	75	3000	4096	15	0	1	7	63	0	0	0	255	255	255	255	255	0	0	//Bronce
3	76	3000	4608	15	0	1	7	63	0	0	0	255	255	255	255	255	0	0	//Bronce
3	77	3000	5120	15	0	1	7	63	0	0	0	255	255	255	255	255	0	0	//Bronce
3	78	3000	5632	15	0	1	7	63	0	0	0	255	255	255	255	255	0	0	//Bronce
3	79	3000	3585	15	0	1	7	63	0	0	0	255	255	255	255	255	0	0	//Dragon
3	80	3000	4097	15	0	1	7	63	0	0	0	255	255	255	255	255	0	0	//Dragon
3	81	3000	4609	15	0	1	7	63	0	0	0	255	255	255	255	255	0	0	//Dragon
3	82	3000	5121	15	0	1	7	63	0	0	0	255	255	255	255	255	0	0	//Dragon
3	83	3000	5633	15	0	1	7	63	0	0	0	255	255	255	255	255	0	0	//Dragon
3	84	3000	3586	15	0	1	7	63	0	0	0	255	255	255	255	255	0	0	//Pad
3	85	3000	4098	15	0	1	7	63	0	0	0	255	255	255	255	255	0	0	//Pad
3	86	3000	4610	15	0	1	7	63	0	0	0	255	255	255	255	255	0	0	//Pad
3	87	3000	5122	15	0	1	7	63	0	0	0	255	255	255	255	255	0	0	//Pad
3	88	3000	5634	15	0	1	7	63	0	0	0	255	255	255	255	255	0	0	//Pad
3	89	3000	3587	15	0	1	7	63	0	0	0	255	255	255	255	255	0	0	//Legendary
3	90	3000	4099	15	0	1	7	63	0	0	0	255	255	255	255	255	0	0	//Legendary
3	91	3000	4611	15	0	1	7	63	0	0	0	255	255	255	255	255	0	0	//Legendary
3	92	3000	5123	15	0	1	7	63	0	0	0	255	255	255	255	255	0	0	//Legendary
3	93	3000	5635	15	0	1	7	63	0	0	0	255	255	255	255	255	0	0	//Legendary
3	94	3000	3588	15	0	1	7	63	0	0	0	255	255	255	255	255	0	0	//Bone
3	95	3000	4100	15	0	1	7	63	0	0	0	255	255	255	255	255	0	0	//Bone
3	96	3000	4612	15	0	1	7	63	0	0	0	255	255	255	255	255	0	0	//Bone
3	97	3000	5124	15	0	1	7	63	0	0	0	255	255	255	255	255	0	0	//Bone
3	98	3000	5636	15	0	1	7	63	0	0	0	255	255	255	255	255	0	0	//Bone
3	99	3000	3589	15	0	1	7	63	0	0	0	255	255	255	255	255	0	0	//Leather
3	100	3000	4101	15	0	1	7	63	0	0	0	255	255	255	255	255	0	0	//Leather
3	101	3000	4613	15	0	1	7	63	0	0	0	255	255	255	255	255	0	0	//Leather
3	102	3000	5125	15	0	1	7	63	0	0	0	255	255	255	255	255	0	0	//Leather
3	103	3000	5637	15	0	1	7	63	0	0	0	255	255	255	255	255	0	0	//Leather
3	104	3000	3590	15	0	1	7	63	0	0	0	255	255	255	255	255	0	0	//Scale
3	105	3000	4102	15	0	1	7	63	0	0	0	255	255	255	255	255	0	0	//Scale
3	106	3000	4614	15	0	1	7	63	0	0	0	255	255	255	255	255	0	0	//Scale
3	107	3000	5126	15	0	1	7	63	0	0	0	255	255	255	255	255	0	0	//Scale
3	108	3000	5638	15	0	1	7	63	0	0	0	255	255	255	255	255	0	0	//Scale
3	109	3000	3591	15	0	1	7	63	0	0	0	255	255	255	255	255	0	0	//Sphinx
3	110	3000	4103	15	0	1	7	63	0	0	0	255	255	255	255	255	0	0	//Sphinx
3	111	3000	4615	15	0	1	7	63	0	0	0	255	255	255	255	255	0	0	//Sphinx
3	112	3000	5127	15	0	1	7	63	0	0	0	255	255	255	255	255	0	0	//Sphinx
3	113	3000	5639	15	0	1	7	63	0	0	0	255	255	255	255	255	0	0	//Sphinx
3	114	3000	3592	15	0	1	7	63	0	0	0	255	255	255	255	255	0	0	//Brass
3	115	3000	4104	15	0	1	7	63	0	0	0	255	255	255	255	255	0	0	//Brass
3	116	3000	4616	15	0	1	7	63	0	0	0	255	255	255	255	255	0	0	//Brass
3	117	3000	5128	15	0	1	7	63	0	0	0	255	255	255	255	255	0	0	//Brass
3	118	3000	5640	15	0	1	7	63	0	0	0	255	255	255	255	255	0	0	//Brass
3	119	3000	3593	15	0	1	7	63	0	0	0	255	255	255	255	255	0	0	//Plate
3	120	3000	4105	15	0	1	7	63	0	0	0	255	255	255	255	255	0	0	//Plate
3	121	3000	4617	15	0	1	7	63	0	0	0	255	255	255	255	255	0	0	//Plate
3	122	3000	5129	15	0	1	7	63	0	0	0	255	255	255	255	255	0	0	//Plate
3	123	3000	5641	15	0	1	7	63	0	0	0	255	255	255	255	255	0	0	//Plate
3	124	3000	3594	15	0	1	7	63	0	0	0	255	255	255	255	255	0	0	//Vine
3	125	3000	4106	15	0	1	7	63	0	0	0	255	255	255	255	255	0	0	//Vine
3	126	3000	4618	15	0	1	7	63	0	0	0	255	255	255	255	255	0	0	//Vine
3	127	3000	5130	15	0	1	7	63	0	0	0	255	255	255	255	255	0	0	//Vine
3	128	3000	5642	15	0	1	7	63	0	0	0	255	255	255	255	255	0	0	//Vine
3	129	3000	3595	15	0	1	7	63	0	0	0	255	255	255	255	255	0	0	//silk
3	130	3000	4107	15	0	1	7	63	0	0	0	255	255	255	255	255	0	0	//silk
3	131	3000	4619	15	0	1	7	63	0	0	0	255	255	255	255	255	0	0	//silk
3	132	3000	5131	15	0	1	7	63	0	0	0	255	255	255	255	255	0	0	//silk
3	133	3000	5643	15	0	1	7	63	0	0	0	255	255	255	255	255	0	0	//silk
4	134	3000	3596	15	0	1	7	63	0	0	0	255	255	255	255	255	0	0	//Wind
4	135	3000	4108	15	0	1	7	63	0	0	0	255	255	255	255	255	0	0	//Wind
4	136	3000	4620	15	0	1	7	63	0	0	0	255	255	255	255	255	0	0	//Wind
4	137	3000	5132	15	0	1	7	63	0	0	0	255	255	255	255	255	0	0	//Wind
4	138	3000	5644	15	0	1	7	63	0	0	0	255	255	255	255	255	0	0	//Wind
4	139	3000	3597	15	0	1	7	63	0	0	0	255	255	255	255	255	0	0	//Spirit
4	140	3000	4109	15	0	1	7	63	0	0	0	255	255	255	255	255	0	0	//Spirit
4	141	3000	4621	15	0	1	7	63	0	0	0	255	255	255	255	255	0	0	//Spirit
4	142	3000	5133	15	0	1	7	63	0	0	0	255	255	255	255	255	0	0	//Spirit
4	143	3000	5645	15	0	1	7	63	0	0	0	255	255	255	255	255	0	0	//Spirit
4	144	3000	3598	15	0	1	7	63	0	0	0	255	255	255	255	255	0	0	//Guardian
4	145	3000	4110	15	0	1	7	63	0	0	0	255	255	255	255	255	0	0	//Guardian
4	146	3000	4622	15	0	1	7	63	0	0	0	255	255	255	255	255	0	0	//Guardian
4	147	3000	5134	15	0	1	7	63	0	0	0	255	255	255	255	255	0	0	//Guardian
4	148	3000	5646	15	0	1	7	63	0	0	0	255	255	255	255	255	0	0	//Guardian
4	149	3000	4111	15	0	1	7	63	0	0	0	255	255	255	255	255	0	0	//Storm Crow
4	150	3000	4623	15	0	1	7	63	0	0	0	255	255	255	255	255	0	0	//Storm Crow
4	151	3000	5135	15	0	1	7	63	0	0	0	255	255	255	255	255	0	0	//Storm Crow
4	152	3000	5647	15	0	1	7	63	0	0	0	255	255	255	255	255	0	0	//Storm Crow
4	153	3000	3600	15	0	1	7	63	0	0	0	255	255	255	255	255	0	0	//Black Dragon
4	154	3000	4112	15	0	1	7	63	0	0	0	255	255	255	255	255	0	0	//Black Dragon
4	155	3000	4624	15	0	1	7	63	0	0	0	255	255	255	255	255	0	0	//Black Dragon
4	156	3000	5136	15	0	1	7	63	0	0	0	255	255	255	255	255	0	0	//Black Dragon
4	157	3000	5648	15	0	1	7	63	0	0	0	255	255	255	255	255	0	0	//Black Dragon
4	158	3000	3601	15	0	1	7	63	0	0	0	255	255	255	255	255	0	0	//Dark Phoenix
4	159	3000	4113	15	0	1	7	63	0	0	0	255	255	255	255	255	0	0	//Dark Phoenix
4	160	3000	4625	15	0	1	7	63	0	0	0	255	255	255	255	255	0	0	//Dark Phoenix
4	161	3000	5137	15	0	1	7	63	0	0	0	255	255	255	255	255	0	0	//Dark Phoenix
4	162	3000	5649	15	0	1	7	63	0	0	0	255	255	255	255	255	0	0	//Dark Phoenix
4	163	3000	3602	15	0	1	7	63	0	0	0	255	255	255	255	255	0	0	//Grand Soul
4	164	3000	4114	15	0	1	7	63	0	0	0	255	255	255	255	255	0	0	//Grand Soul
4	165	3000	4626	15	0	1	7	63	0	0	0	255	255	255	255	255	0	0	//Grand Soul
4	166	3000	5138	15	0	1	7	63	0	0	0	255	255	255	255	255	0	0	//Grand Soul
4	167	3000	5650	15	0	1	7	63	0	0	0	255	255	255	255	255	0	0	//Grand Soul
4	168	3000	3603	15	0	1	7	63	0	0	0	255	255	255	255	255	0	0	//Divine
4	169	3000	4115	15	0	1	7	63	0	0	0	255	255	255	255	255	0	0	//Divine
4	170	3000	4627	15	0	1	7	63	0	0	0	255	255	255	255	255	0	0	//Divine
4	171	3000	5139	15	0	1	7	63	0	0	0	255	255	255	255	255	0	0	//Divine
4	172	3000	5651	15	0	1	7	63	0	0	0	255	255	255	255	255	0	0	//Divine
4	173	3000	4116	15	0	1	7	63	0	0	0	255	255	255	255	255	0	0	//Thunder Hawk
4	174	3000	4628	15	0	1	7	63	0	0	0	255	255	255	255	255	0	0	//Thunder Hawk
4	175	3000	5140	15	0	1	7	63	0	0	0	255	255	255	255	255	0	0	//Thunder Hawk
4	176	3000	5652	15	0	1	7	63	0	0	0	255	255	255	255	255	0	0	//Thunder Hawk
4	177	3000	3605	15	0	1	7	63	0	0	0	255	255	255	255	255	0	0	//Great Dragon
4	178	3000	4117	15	0	1	7	63	0	0	0	255	255	255	255	255	0	0	//Great Dragon
4	179	3000	4629	15	0	1	7	63	0	0	0	255	255	255	255	255	0	0	//Great Dragon
4	180	3000	5141	15	0	1	7	63	0	0	0	255	255	255	255	255	0	0	//Great Dragon
4	181	3000	5653	15	0	1	7	63	0	0	0	255	255	255	255	255	0	0	//Great Dragon
5	182	3000	3606	15	0	1	7	63	0	0	0	255	255	255	255	255	0	0	//Dark Soul
5	183	3000	4118	15	0	1	7	63	0	0	0	255	255	255	255	255	0	0	//Dark Soul
5	184	3000	4630	15	0	1	7	63	0	0	0	255	255	255	255	255	0	0	//Dark Soul
5	185	3000	5142	15	0	1	7	63	0	0	0	255	255	255	255	255	0	0	//Dark Soul
5	186	3000	5654	15	0	1	7	63	0	0	0	255	255	255	255	255	0	0	//Dark Soul
5	187	3000	4119	15	0	1	7	63	0	0	0	255	255	255	255	255	0	0	//Hurricane
5	188	3000	4631	15	0	1	7	63	0	0	0	255	255	255	255	255	0	0	//Hurricane
5	189	3000	5143	15	0	1	7	63	0	0	0	255	255	255	255	255	0	0	//Hurricane
5	190	3000	5655	15	0	1	7	63	0	0	0	255	255	255	255	255	0	0	//Hurricane
5	191	3000	3608	15	0	1	7	63	0	0	0	255	255	255	255	255	0	0	//Red Sprit
5	192	3000	4120	15	0	1	7	63	0	0	0	255	255	255	255	255	0	0	//Red Sprit
5	193	3000	4632	15	0	1	7	63	0	0	0	255	255	255	255	255	0	0	//Red Sprit
5	194	3000	5144	15	0	1	7	63	0	0	0	255	255	255	255	255	0	0	//Red Sprit
5	195	3000	5656	15	0	1	7	63	0	0	0	255	255	255	255	255	0	0	//Red Sprit
5	196	3000	3609	15	0	1	7	63	0	0	0	255	255	255	255	255	0	0	//Light Plate
5	197	3000	4121	15	0	1	7	63	0	0	0	255	255	255	255	255	0	0	//Light Plate
5	198	3000	4633	15	0	1	7	63	0	0	0	255	255	255	255	255	0	0	//Light Plate
5	199	3000	5145	15	0	1	7	63	0	0	0	255	255	255	255	255	0	0	//Light Plate
5	200	3000	5657	15	0	1	7	63	0	0	0	255	255	255	255	255	0	0	//Light Plate
5	201	3000	3610	15	0	1	7	63	0	0	0	255	255	255	255	255	0	0	//Adamantine
5	202	3000	4122	15	0	1	7	63	0	0	0	255	255	255	255	255	0	0	//Adamantine
5	203	3000	4634	15	0	1	7	63	0	0	0	255	255	255	255	255	0	0	//Adamantine
5	204	3000	5146	15	0	1	7	63	0	0	0	255	255	255	255	255	0	0	//Adamantine
5	205	3000	5658	15	0	1	7	63	0	0	0	255	255	255	255	255	0	0	//Adamantine
5	206	3000	3611	15	0	1	7	63	0	0	0	255	255	255	255	255	0	0	//Dark Steel
5	207	3000	4123	15	0	1	7	63	0	0	0	255	255	255	255	255	0	0	//Dark Steel
5	208	3000	4635	15	0	1	7	63	0	0	0	255	255	255	255	255	0	0	//Dark Steel
5	209	3000	5147	15	0	1	7	63	0	0	0	255	255	255	255	255	0	0	//Dark Steel
5	210	3000	5659	15	0	1	7	63	0	0	0	255	255	255	255	255	0	0	//Dark Steel
5	211	3000	3612	15	0	1	7	63	0	0	0	255	255	255	255	255	0	0	//Dark Master
5	212	3000	4124	15	0	1	7	63	0	0	0	255	255	255	255	255	0	0	//Dark Master
5	213	3000	4636	15	0	1	7	63	0	0	0	255	255	255	255	255	0	0	//Dark Master
5	214	3000	5148	15	0	1	7	63	0	0	0	255	255	255	255	255	0	0	//Dark Master
5	215	3000	5660	15	0	1	7	63	0	0	0	255	255	255	255	255	0	0	//Dark Master
5	216	3000	3618	15	0	1	7	63	0	0	0	255	255	255	255	255	0	0	//Ashcrow
5	217	3000	4130	15	0	1	7	63	0	0	0	255	255	255	255	255	0	0	//Ashcrow
5	218	3000	4642	15	0	1	7	63	0	0	0	255	255	255	255	255	0	0	//Ashcrow
5	219	3000	5154	15	0	1	7	63	0	0	0	255	255	255	255	255	0	0	//Ashcrow
5	220	3000	5666	15	0	1	7	63	0	0	0	255	255	255	255	255	0	0	//Ashcrow
5	221	3000	3619	15	0	1	7	63	0	0	0	255	255	255	255	255	0	0	//Eclipse
5	222	3000	4131	15	0	1	7	63	0	0	0	255	255	255	255	255	0	0	//Eclipse
5	223	3000	4643	15	0	1	7	63	0	0	0	255	255	255	255	255	0	0	//Eclipse
5	224	3000	5155	15	0	1	7	63	0	0	0	255	255	255	255	255	0	0	//Eclipse
5	225	3000	5667	15	0	1	7	63	0	0	0	255	255	255	255	255	0	0	//Eclipse
6	226	3000	3620	15	0	1	7	63	0	0	0	255	255	255	255	255	0	0	//Iris
6	227	3000	4132	15	0	1	7	63	0	0	0	255	255	255	255	255	0	0	//Iris
6	228	3000	4644	15	0	1	7	63	0	0	0	255	255	255	255	255	0	0	//Iris
6	229	3000	5156	15	0	1	7	63	0	0	0	255	255	255	255	255	0	0	//Iris
6	230	3000	5668	15	0	1	7	63	0	0	0	255	255	255	255	255	0	0	//Iris
6	231	3000	4133	15	0	1	7	63	0	0	0	255	255	255	255	255	0	0	//Valiant
6	232	3000	4645	15	0	1	7	63	0	0	0	255	255	255	255	255	0	0	//Valiant
6	233	3000	5157	15	0	1	7	63	0	0	0	255	255	255	255	255	0	0	//Valiant
6	234	3000	5669	15	0	1	7	63	0	0	0	255	255	255	255	255	0	0	//Valiant
6	235	3000	3622	15	0	1	7	63	0	0	0	255	255	255	255	255	0	0	//Glorius
6	236	3000	4134	15	0	1	7	63	0	0	0	255	255	255	255	255	0	0	//Glorius
6	237	3000	4646	15	0	1	7	63	0	0	0	255	255	255	255	255	0	0	//Glorius
6	238	3000	5158	15	0	1	7	63	0	0	0	255	255	255	255	255	0	0	//Glorius
6	239	3000	5670	15	0	1	7	63	0	0	0	255	255	255	255	255	0	0	//Glorius
6	240	3000	3623	15	0	1	7	63	0	0	0	255	255	255	255	255	0	0	//Mistery
6	241	3000	4135	15	0	1	7	63	0	0	0	255	255	255	255	255	0	0	//Mistery
6	242	3000	4647	15	0	1	7	63	0	0	0	255	255	255	255	255	0	0	//Mistery
6	243	3000	5159	15	0	1	7	63	0	0	0	255	255	255	255	255	0	0	//Mistery
6	244	3000	5671	15	0	1	7	63	0	0	0	255	255	255	255	255	0	0	//Mistery
6	245	3000	3624	15	0	1	7	63	0	0	0	255	255	255	255	255	0	0	//Red Wing
6	246	3000	4136	15	0	1	7	63	0	0	0	255	255	255	255	255	0	0	//Red Wing
6	247	3000	4648	15	0	1	7	63	0	0	0	255	255	255	255	255	0	0	//Red Wing
6	248	3000	5160	15	0	1	7	63	0	0	0	255	255	255	255	255	0	0	//Red Wing
6	249	3000	5672	15	0	1	7	63	0	0	0	255	255	255	255	255	0	0	//Red Wing
6	250	3000	3625	15	0	1	7	63	0	0	0	255	255	255	255	255	0	0	//Ancient
6	251	3000	4137	15	0	1	7	63	0	0	0	255	255	255	255	255	0	0	//Ancient
6	252	3000	4649	15	0	1	7	63	0	0	0	255	255	255	255	255	0	0	//Ancient
6	253	3000	5161	15	0	1	7	63	0	0	0	255	255	255	255	255	0	0	//Ancient
6	254	3000	5673	15	0	1	7	63	0	0	0	255	255	255	255	255	0	0	//Ancient
6	255	3000	3626	15	0	1	7	63	0	0	0	255	255	255	255	255	0	0	//Black Rose
6	256	3000	4138	15	0	1	7	63	0	0	0	255	255	255	255	255	0	0	//Black Rose
6	257	3000	4650	15	0	1	7	63	0	0	0	255	255	255	255	255	0	0	//Black Rose
6	258	3000	5162	15	0	1	7	63	0	0	0	255	255	255	255	255	0	0	//Black Rose
6	259	3000	5674	15	0	1	7	63	0	0	0	255	255	255	255	255	0	0	//Black Rose
6	260	3000	3643	15	0	1	7	63	0	0	0	255	255	255	255	255	0	0	//SACRED
6	261	3000	4155	15	0	1	7	63	0	0	0	255	255	255	255	255	0	0	//SACRED
6	262	3000	4667	15	0	1	7	63	0	0	0	255	255	255	255	255	0	0	//SACRED
6	263	3000	5691	15	0	1	7	63	0	0	0	255	255	255	255	255	0	0	//SACRED
6	264	3000	3644	15	0	1	7	63	0	0	0	255	255	255	255	255	0	0	//STORM HARD
6	265	3000	4156	15	0	1	7	63	0	0	0	255	255	255	255	255	0	0	//STORM HARD
6	266	3000	4668	15	0	1	7	63	0	0	0	255	255	255	255	255	0	0	//STORM HARD
6	267	3000	5692	15	0	1	7	63	0	0	0	255	255	255	255	255	0	0	//STORM HARD
6	268	3000	3645	15	0	1	7	63	0	0	0	255	255	255	255	255	0	0	//PIERCING
6	269	3000	4157	15	0	1	7	63	0	0	0	255	255	255	255	255	0	0	//PIERCING
6	270	3000	4669	15	0	1	7	63	0	0	0	255	255	255	255	255	0	0	//PIERCING
6	271	3000	5693	15	0	1	7	63	0	0	0	255	255	255	255	255	0	0	//PIERCING
6	272	3500	3657	15	0	1	7	63	0	0	0	255	255	255	255	255	0	0	//Phoenix
6	273	3500	4169	15	0	1	7	63	0	0	0	255	255	255	255	255	0	0	//Phoenix
6	274	3500	4681	15	0	1	7	63	0	0	0	255	255	255	255	255	0	0	//Phoenix
6	275	3500	5705	15	0	1	7	63	0	0	0	255	255	255	255	255	0	0	//Phoenix
7	276	5000	3085	15	1	1	7	63	0	0	0	255	255	255	255	255	0	0	//Dragon
7	277	5000	3086	15	1	1	7	63	0	0	0	255	255	255	255	255	0	0	//Legendary
7	278	5000	3087	15	1	1	7	63	0	0	0	255	255	255	255	255	0	0	//Gran Soul
7	279	5000	3088	15	1	1	7	63	0	0	0	255	255	255	255	255	0	0	//Elemental
7	280	5000	3089	15	1	1	7	63	0	0	0	254	254	254	254	254	0	0	//Crimson Glory
7	281	5000	3090	15	1	1	7	63	0	0	0	254	254	254	254	254	0	0	//Salamander
7	282	5000	3091	15	1	1	7	63	0	0	0	254	254	254	254	254	0	0	//Frost Barrier
7	283	5000	3092	15	1	1	7	63	0	0	0	254	254	254	254	254	0	0	//Guardian
7	284	5000	3093	15	1	1	7	63	0	0	0	255	255	255	255	255	0	0	//Cross
8	285	8500	6144	15	0	1	7	63	0	0	0	255	255	255	255	255	0	0	//Fairy
8	286	8500	6145	15	0	1	7	63	0	0	0	255	255	255	255	255	0	0	//Angel
8	287	8500	6146	15	0	1	7	63	0	0	0	255	255	255	255	255	0	0	//Satan
8	288	9000	6147	15	0	1	7	63	0	0	0	255	255	255	255	255	0	0	//Spirit
8	289	9000	6148	15	0	1	7	63	0	0	0	255	255	255	255	255	0	0	//Soul
8	290	9000	6149	15	0	1	7	63	0	0	0	255	255	255	255	255	0	0	//Dragon
8	291	9000	6150	15	0	1	7	63	0	0	0	255	255	255	255	255	0	0	//Darkness
8	292	10000	6180	15	0	1	7	63	0	0	0	255	255	255	255	255	0	0	//Storm
8	293	10000	6181	15	0	1	7	63	0	0	0	255	255	255	255	255	0	0	//Speace time
8	294	10000	6182	15	0	1	7	63	0	0	0	255	255	255	255	255	0	0	//Illusion
8	295	10000	6183	15	0	1	7	63	0	0	0	255	255	255	255	255	0	0	//Hurricane
8	296	10000	6184	15	0	1	7	63	0	0	0	255	255	255	255	255	0	0	//Mantle of Monarch
8	297	8500	6185	15	0	1	7	63	0	0	0	255	255	255	255	255	0	0	//Mistery
8	298	9000	6186	15	0	1	7	63	0	0	0	255	255	255	255	255	0	0	//Despair
8	299	10000	6187	15	0	1	7	63	0	0	0	255	255	255	255	255	0	0	//Violend wind
8	300	9000	6193	15	0	1	7	63	0	0	0	255	255	255	255	255	0	0	//Cloak of Warrior
8	301	10000	6194	15	0	1	7	63	0	0	0	255	255	255	255	255	0	0	//Lord of the Cape
9	302	5000	6664	15	0	1	7	63	0	0	0	255	255	255	255	255	0	0	//Ring Of Ice
9	303	5000	6665	15	0	1	7	63	0	0	0	255	255	255	255	255	0	0	//Ring Of Poison
9	304	5000	6668	15	0	1	7	63	0	0	0	255	255	255	255	255	0	0	//Pendal of Lighting
9	305	5000	6669	15	0	1	7	63	0	0	0	255	255	255	255	255	0	0	//Pendal Of Fire
9	306	5000	6677	15	0	1	7	63	0	0	0	255	255	255	255	255	0	0	//Ring of Fire
9	307	5000	6678	15	0	1	7	63	0	0	0	255	255	255	255	255	0	0	//Ring of Heart
9	308	5000	6679	15	0	1	7	63	0	0	0	255	255	255	255	255	0	0	//Ring of Wind
9	309	5000	6680	15	0	1	7	63	0	0	0	255	255	255	255	255	0	0	//Ring of magic
9	310	5000	6681	15	0	1	7	63	0	0	0	255	255	255	255	255	0	0	//Pendalt Of Ice
9	311	5000	6682	15	0	1	7	63	0	0	0	255	255	255	255	255	0	0	//Pendalt Of Wind
9	312	5000	6683	15	0	1	7	63	0	0	0	255	255	255	255	255	0	0	//Pendalt Of Water
9	313	5000	6684	15	0	1	7	63	0	0	0	255	255	255	255	255	0	0	//Pendalt Of Ability
10	314	3000	18	15	1	1	7	63	0	0	0	255	255	255	255	255	0	0	//Thunder Blade
10	315	3000	19	15	1	1	7	63	0	0	0	255	255	255	255	255	0	0	//Divine Sword of Archangel
10	316	3000	20	15	1	1	7	63	0	0	0	255	255	255	255	255	0	0	//Knight Blade
10	317	3000	21	15	1	1	7	63	0	0	0	255	255	255	255	255	0	0	//Dark Reign Blade
10	318	3000	22	15	1	1	7	63	0	0	0	255	255	255	255	255	0	0	//Bone Blade
10	319	3000	23	15	1	1	7	63	0	0	0	255	255	255	255	255	0	0	//Explosion Blade
10	320	3000	24	15	1	1	7	63	0	0	0	255	255	255	255	255	0	0	//Daybreak
10	321	3000	25	15	1	1	7	63	0	0	0	255	255	255	255	255	0	0	//Sword Dancer
10	322	3000	26	15	1	1	7	63	0	0	0	254	254	254	254	254	0	0	//Flameberg
10	323	3000	27	15	1	1	7	63	0	0	0	254	254	254	254	254	0	0	//Sword Breaker
10	324	3000	28	15	1	1	7	63	0	0	0	254	254	254	254	254	0	0	//Rune Bastard
10	325	3000	31	15	1	1	7	63	0	0	0	255	255	255	255	255	0	0	//Rune Blade
10	326	3000	32	15	1	1	7	63	0	0	0	255	255	255	255	255	0	0	//Sacred
10	327	3000	33	15	1	1	7	63	0	0	0	255	255	255	255	255	0	0	//Holly Storm
10	328	3000	34	15	1	1	7	63	0	0	0	255	255	255	255	255	0	0	//Piercing 
10	329	3000	35	15	1	1	7	63	0	0	0	255	255	255	255	255	0	0	//phoenix soul star
10	330	3000	1035	15	1	1	7	63	0	0	0	255	255	255	255	255	0	0	//Lord Scepte
10	331	3000	1036	15	1	1	7	63	0	0	0	255	255	255	255	255	0	0	//Great Lord Scepter
10	332	3000	1037	15	1	1	7	63	0	0	0	255	255	255	255	255	0	0	//Divine Scepter of Archangel
10	333	3000	1038	15	1	1	7	63	0	0	0	255	255	255	255	255	0	0	//Soleil Sceptor
10	334	3000	1039	15	1	1	7	63	0	0	0	255	255	255	255	255	0	0	//Shining Scepter
10	335	3000	1040	15	1	1	7	63	0	0	0	254	254	254	254	254	0	0	//Frost Mace
10	336	3000	1041	15	1	1	7	63	0	0	0	254	254	254	254	254	0	0	//Absolute Scepter
10	337	3000	1042	15	1	1	7	63	0	0	0	255	255	255	255	255	0	0	//Striker Scepter
10	338	3000	1545	15	1	1	7	63	0	0	0	255	255	255	255	255	0	0	//Bill of Balrog
10	339	3000	1546	15	1	1	7	63	0	0	0	255	255	255	255	255	0	0	//Dragon Spear
10	340	3000	1547	15	1	1	7	63	0	0	0	255	255	255	255	255	0	0	//Brova
10	341	3000	2067	15	1	1	7	63	0	0	0	255	255	255	255	255	0	0	//Divine Crossbow of Archangel
10	342	3000	2068	15	1	1	7	63	0	0	0	255	255	255	255	255	0	0	//Great Reign Crossbow
10	343	3000	2069	15	1	1	7	63	0	0	0	255	255	255	255	255	0	0	//Arrow Viper Bow
10	344	3000	2070	15	1	1	7	63	0	0	0	255	255	255	255	255	0	0	//Sylph Wind Bow
10	345	3000	2071	15	1	1	7	63	0	0	0	255	255	255	255	255	0	0	//Albatross Bow
10	346	3000	2072	15	1	1	7	63	0	0	0	254	254	254	254	254	0	0	//Dark Stinger
10	347	3000	2066	15	1	1	7	63	0	0	0	254	254	254	254	254	0	0	//Aileen Bowr


10	348	3000	2569	15	0	1	7	63	0	0	0	255	255	255	255	255	0	0	//Dragon Soul Staff
10	349	3000	2570	15	0	1	7	63	0	0	0	255	255	255	255	255	0	0	//Divine Staff of Archangel
10	350	3000	2571	15	0	1	7	63	0	0	0	255	255	255	255	255	0	0	//Staff of Kundun
10	351	3000	2572	15	0	1	7	63	0	0	0	255	255	255	255	255	0	0	//Grand Viper Staff
10	352	3000	2573	15	0	1	7	63	0	0	0	255	255	255	255	255	0	0	//Platina Staff
10	353	3000	2578	15	0	1	7	63	0	0	0	255	255	255	255	255	0	0	//Demonic Stick
10	354	3000	2579	15	0	1	7	63	0	0	0	254	254	254	254	254	0	0	//Storm Blitz Stick
10	355	3000	2581	15	0	1	7	63	0	0	0	255	255	255	255	255	0	0	//Book of Samut
10	356	3000	2582	15	0	1	7	63	0	0	0	255	255	255	255	255	0	0	//Book of Neil
10	357	3000	2583	15	0	1	7	63	0	0	0	255	255	255	255	255	0	0	//Book of Lagle
10	358	3000	2590	15	0	1	7	63	0	0	0	254	254	254	254	254	0	0	//Deadly Staff
10	359	3000	2591	15	0	1	7	63	0	0	0	254	254	254	254	254	0	0	//Inberial Staff
10	360	3000	2593	15	0	1	7	63	0	0	0	255	255	255	255	255	0	0	//Chromatic Staff
10	361	3000	2594	15	0	1	7	63	0	0	0	255	255	255	255	255	0	0	//Raven Stick
11	362	800	6268	0	0	0	0	0	0	0	0	255	255	255	255	255	0	0	//Fire
11	363	800	6268	1	0	0	0	0	0	0	0	255	255	255	255	255	0	0	//Fire
11	364	800	6268	2	0	0	0	0	0	0	0	255	255	255	255	255	0	0	//Fire
11	365	800	6268	3	0	0	0	0	0	0	0	255	255	255	255	255	0	0	//Fire
11	366	800	6268	4	0	0	0	0	0	0	0	255	255	255	255	255	0	0	//Fire
11	367	800	6268	5	0	0	0	0	0	0	0	255	255	255	255	255	0	0	//Fire
11	368	800	6269	0	0	0	0	0	0	0	0	255	255	255	255	255	0	0	//water
11	369	800	6269	1	0	0	0	0	0	0	0	255	255	255	255	255	0	0	//water
11	370	800	6269	2	0	0	0	0	0	0	0	255	255	255	255	255	0	0	//water
11	371	800	6269	3	0	0	0	0	0	0	0	255	255	255	255	255	0	0	//water
11	372	800	6269	4	0	0	0	0	0	0	0	255	255	255	255	255	0	0	//water
11	373	800	6270	0	0	0	0	0	0	0	0	255	255	255	255	255	0	0	//Ice
11	374	800	6270	1	0	0	0	0	0	0	0	255	255	255	255	255	0	0	//Ice
11	375	800	6270	2	0	0	0	0	0	0	0	255	255	255	255	255	0	0	//Ice
11	376	800	6270	3	0	0	0	0	0	0	0	255	255	255	255	255	0	0	//Ice
11	377	800	6270	4	0	0	0	0	0	0	0	255	255	255	255	255	0	0	//Ice
11	378	800	6271	0	0	0	0	0	0	0	0	255	255	255	255	255	0	0	//wind
11	379	800	6271	1	0	0	0	0	0	0	0	255	255	255	255	255	0	0	//wind
11	380	800	6271	2	0	0	0	0	0	0	0	255	255	255	255	255	0	0	//wind
11	381	800	6271	3	0	0	0	0	0	0	0	255	255	255	255	255	0	0	//wind
11	382	800	6271	4	0	0	0	0	0	0	0	255	255	255	255	255	0	0	//wind
11	383	800	6271	5	0	0	0	0	0	0	0	255	255	255	255	255	0	0	//wind
11	384	800	6272	0	0	0	0	0	0	0	0	255	255	255	255	255	0	0	//Luz
11	385	800	6272	1	0	0	0	0	0	0	0	255	255	255	255	255	0	0	//Luz
11	386	800	6272	2	0	0	0	0	0	0	0	255	255	255	255	255	0	0	//Luz
11	387	800	6272	3	0	0	0	0	0	0	0	255	255	255	255	255	0	0	//Luz
11	388	800	6273	0	0	0	0	0	0	0	0	255	255	255	255	255	0	0	//Tierra
13	389	1500	6656	0	0	0	0	0	0	0	0	255	255	255	255	255	0	86400	//Guardian Angel
13	390	1500	6657	0	0	0	0	0	0	0	0	255	255	255	255	255	0	86400	//Imp
13	391	2000	6720	0	0	0	0	0	0	0	0	255	255	255	255	255	0	86400	//Demon
13	392	2000	6721	0	0	0	0	0	0	0	0	255	255	255	255	255	0	86400	//Spirit of Guardian
13	393	2000	6723	0	0	0	0	0	0	0	0	255	255	255	255	255	0	86400	//Pet Rudolf
13	394	2000	6736	0	0	0	0	0	0	0	0	255	255	255	255	255	0	86400	//Panda
13	395	2000	6762	0	0	0	0	0	0	0	0	255	255	255	255	255	0	86400	//Unicorn
13	396	2000	6779	0	0	0	0	0	0	0	0	255	255	255	255	255	0	86400	//Pet Skeleton
14	397	2500	7330	0	0	0	0	0	0	0	0	255	255	255	255	255	0	0	//Jawels of extencion
14	398	2500	7329	0	0	0	0	0	0	0	0	255	255	255	255	255	0	0	//Jawels of elevacion
14	399	2500	6280	0	0	0	0	0	0	0	0	255	255	255	255	255	0	0	//Bundled Life
14	400	2500	6281	0	0	0	0	0	0	0	0	255	255	255	255	255	0	0	//Bundled Creation
14	401	2500	6282	0	0	0	0	0	0	0	0	255	255	255	255	255	0	0	//Bundled Guardian
14	402	2500	6283	0	0	0	0	0	0	0	0	255	255	255	255	255	0	0	//Bundled Gemstone
14	403	5000	6284	0	0	0	0	0	0	0	0	255	255	255	255	255	0	0	//Bundled Harmony
14	404	2500	6285	0	0	0	0	0	0	0	0	255	255	255	255	255	0	0	//Bundled Chaos
14	405	2500	6286	0	0	0	0	0	0	0	0	255	255	255	255	255	0	0	//Bundled Lower R Stone
14	406	2500	6287	0	0	0	0	0	0	0	0	255	255	255	255	255	0	0	//Bundled Higer R Stone
15	407	1000	7179	8	0	0	0	0	0	0	0	255	255	255	255	255	0	0	//Kundums +1
15	408	1500	7179	9	0	0	0	0	0	0	0	255	255	255	255	255	0	0	//Kundums + 2
15	409	2000	7179	10	0	0	0	0	0	0	0	255	255	255	255	255	0	0	//Kundums + 3
15	410	2500	7179	11	0	0	0	0	0	0	0	255	255	255	255	255	0	0	//Kundums + 4
15	411	3000	7179	12	0	0	0	0	0	0	0	255	255	255	255	255	0	0	//Kundums + 5
15	412	3200	7220	0	0	0	0	0	0	0	0	255	255	255	255	255	0	0	//GM GIFT
16	413	4500	6204	0	0	0	0	0	0	0	0	255	255	255	255	255	0	0	//Seed Fire
16	414	4500	6205	0	0	0	0	0	0	0	0	255	255	255	255	255	0	0	//Seed Water
16	415	4500	6206	0	0	0	0	0	0	0	0	255	255	255	255	255	0	0	//Seed ice
16	416	4500	6207	0	0	0	0	0	0	0	0	255	255	255	255	255	0	0	//Seed Wind
16	417	4500	6208	0	0	0	0	0	0	0	0	255	255	255	255	255	0	0	//Seed Lightning
16	418	4500	6209	0	0	0	0	0	0	0	0	255	255	255	255	255	0	0	//Seed Earth
17	419	2000	6760	0	0	0	0	0	0	0	0	255	255	255	255	255	0	86400	//Max AG Boost Aura
17	420	2000	6761	0	0	0	0	0	0	0	0	255	255	255	255	255	0	86400	//Max SD Boost Aura
17	421	2000	7240	0	0	0	0	0	0	0	0	255	255	255	255	255	0	86400	//Scroll of Quickness
17	422	2000	7241	0	0	0	0	0	0	0	0	255	255	255	255	255	0	86400	//Scroll of Defense
17	423	2000	7242	0	0	0	0	0	0	0	0	255	255	255	255	255	0	86400	//Scroll of Wrath
17	424	2000	7243	0	0	0	0	0	0	0	0	255	255	255	255	255	0	86400	//Scroll of Wizardry
17	425	2000	7244	0	0	0	0	0	0	0	0	255	255	255	255	255	0	86400	//Scroll of Health
17	426	2000	7245	0	0	0	0	0	0	0	0	255	255	255	255	255	0	86400	//Scroll of Mana
18	427	2000	7330	0	0	0	0	0	0	0	0	255	255	255	255	255	0	0	//Magic Backpack
18	428	2000	7331	0	0	0	0	0	0	0	0	255	255	255	255	255	0	0	//Vault Expansion Certificate
18	429	2000	6791	0	0	0	0	0	0	0	0	255	255	255	255	255	0	0	//1st Lucky Armor Ticket
18	430	2000	6792	0	0	0	0	0	0	0	0	255	255	255	255	255	0	0	//1st Lucky Pants Ticket
18	431	2000	6793	0	0	0	0	0	0	0	0	255	255	255	255	255	0	0	//1st Lucky Helm Ticket
18	432	2000	6794	0	0	0	0	0	0	0	0	255	255	255	255	255	0	0	//1st Lucky Gloves Ticket
18	433	2000	6795	0	0	0	0	0	0	0	0	255	255	255	255	255	0	0	//1st Lucky Boots Ticket
18	434	2000	6796	0	0	0	0	0	0	0	0	255	255	255	255	255	0	0	//2sd Lucky Armor Ticket
18	435	2000	6797	0	0	0	0	0	0	0	0	255	255	255	255	255	0	0	//2sd Lucky Pants Ticket
18	436	2000	6798	0	0	0	0	0	0	0	0	255	255	255	255	255	0	0	//2sd Lucky Helm Ticket
18	437	2000	6799	0	0	0	0	0	0	0	0	255	255	255	255	255	0	0	//2sd Lucky Gloves Ticket
18	438	2000	6800	0	0	0	0	0	0	0	0	255	255	255	255	255	0	0	//2sd Lucky Boots Ticket
19	439	1000	6763	0	0	0	0	0	0	0	0	255	255	255	255	255	0	86400	//Lethal Wizard's Ring
19	440	1000	6765	0	0	0	0	0	0	0	0	255	255	255	255	255	0	86400	//Sapphire Ring
19	441	1000	6766	0	0	0	0	0	0	0	0	255	255	255	255	255	0	86400	//Ruby Ring
19	442	1000	6767	0	0	0	0	0	0	0	0	255	255	255	255	255	0	86400	//Topaz Ring
19	443	1000	6768	0	0	0	0	0	0	0	0	255	255	255	255	255	0	86400	//Amethyst Ring
19	444	1000	6769	0	0	0	0	0	0	0	0	255	255	255	255	255	0	86400	//Ruby Necklace
19	445	1000	6770	0	0	0	0	0	0	0	0	255	255	255	255	255	0	86400	//Emerald Necklace
19	446	1000	6771	0	0	0	0	0	0	0	0	255	255	255	255	255	0	86400	//Sapphire Necklace
20	447	5000	6147	0	0	0	0	0	0	0	0	255	255	255	255	255	0	0	//Wings Of  Spirit
20	448	5000	6148	0	0	0	0	0	0	0	0	255	255	255	255	255	0	0	//Wings Of soul
20	449	5000	6149	0	0	0	0	0	0	0	0	255	255	255	255	255	0	0	//Wings Of Dragon
20	450	5000	6150	0	0	0	0	0	0	0	0	255	255	255	255	255	0	0	//Wings Of Darkness
20	451	5000	6186	0	0	0	0	0	0	0	0	255	255	255	255	255	0	0	//Wings Of Despair
20	452	9000	6180	0	0	0	0	0	0	0	0	255	255	255	255	255	0	0	//Wings Of Storm
20	453	9000	6181	0	0	0	0	0	0	0	0	255	255	255	255	255	0	0	//Wings Of Eternal
20	454	9000	6182	0	0	0	0	0	0	0	0	255	255	255	255	255	0	0	//Wings Of Illusion
20	455	9000	6183	0	0	0	0	0	0	0	0	255	255	255	255	255	0	0	//Wings Of Ruin
20	456	9000	6184	0	0	0	0	0	0	0	0	255	255	255	255	255	0	0	//Cape Of emperor
end
