16	1	1	3636	508	4000	0	1	0	0	0	0	0	0	0	0	0	1	0	0	0	0	0	0	0	0	0
16	2	2	4148	508	4000	0	1	0	0	0	0	0	0	0	0	0	2	0	0	0	0	0	0	0	0	0
16	3	3	4660	508	4000	0	1	0	0	0	0	0	0	0	0	0	3	0	0	0	0	0	0	0	0	0
16	4	4	5172	508	4000	0	1	0	0	0	0	0	0	0	0	0	4	0	0	0	0	0	0	0	0	0
16	5	5	5684	508	4000	0	1	0	0	0	0	0	0	0	0	0	5	0	0	0	0	0	0	0	0	0
16	6	6	3635	508	4000	0	1	0	0	0	0	0	0	0	0	0	6	0	0	0	0	0	0	0	0	0
16	7	7	4147	508	4000	0	1	0	0	0	0	0	0	0	0	0	7	0	0	0	0	0	0	0	0	0
16	8	8	4659	508	4000	0	1	0	0	0	0	0	0	0	0	0	8	0	0	0	0	0	0	0	0	0
16	9	9	5171	508	4000	0	1	0	0	0	0	0	0	0	0	0	9	0	0	0	0	0	0	0	0	0
16	10	10	5683	508	4000	0	1	0	0	0	0	0	0	0	0	0	10	0	0	0	0	0	0	0	0	0
16	11	11	3634	508	4000	0	1	0	0	0	0	0	0	0	0	0	11	0	0	0	0	0	0	0	0	0
16	12	12	4146	508	4000	0	1	0	0	0	0	0	0	0	0	0	12	0	0	0	0	0	0	0	0	0
16	13	13	4658	508	4000	0	1	0	0	0	0	0	0	0	0	0	13	0	0	0	0	0	0	0	0	0
16	14	14	5170	508	4000	0	1	0	0	0	0	0	0	0	0	0	14	0	0	0	0	0	0	0	0	0
16	15	15	5682	508	4000	0	1	0	0	0	0	0	0	0	0	0	15	0	0	0	0	0	0	0	0	0
16	16	16	3633	508	4000	0	1	0	0	0	0	0	0	0	0	0	16	0	0	0	0	0	0	0	0	0
16	17	17	4145	508	4000	0	1	0	0	0	0	0	0	0	0	0	17	0	0	0	0	0	0	0	0	0
16	18	18	4657	508	4000	0	1	0	0	0	0	0	0	0	0	0	18	0	0	0	0	0	0	0	0	0
16	19	19	5169	508	4000	0	1	0	0	0	0	0	0	0	0	0	19	0	0	0	0	0	0	0	0	0
16	20	20	5681	508	4000	0	1	0	0	0	0	0	0	0	0	0	20	0	0	0	0	0	0	0	0	0
16	21	21	4144	508	4000	0	1	0	0	0	0	0	0	0	0	0	21	0	0	0	0	0	0	0	0	0
16	22	22	4656	508	4000	0	1	0	0	0	0	0	0	0	0	0	22	0	0	0	0	0	0	0	0	0
16	23	23	5168	508	4000	0	1	0	0	0	0	0	0	0	0	0	23	0	0	0	0	0	0	0	0	0
16	24	24	5680	508	4000	0	1	0	0	0	0	0	0	0	0	0	24	0	0	0	0	0	0	0	0	0
16	25	25	4143	508	4000	0	1	0	0	0	0	0	0	0	0	0	25	0	0	0	0	0	0	0	0	0
16	26	26	4655	508	4000	0	1	0	0	0	0	0	0	0	0	0	26	0	0	0	0	0	0	0	0	0
16	27	27	5167	508	4000	0	1	0	0	0	0	0	0	0	0	0	27	0	0	0	0	0	0	0	0	0
16	28	28	5679	508	4000	0	1	0	0	0	0	0	0	0	0	0	28	0	0	0	0	0	0	0	0	0
16	29	29	3630	508	4000	0	1	0	0	0	0	0	0	0	0	0	29	0	0	0	0	0	0	0	0	0
16	30	30	4142	508	4000	0	1	0	0	0	0	0	0	0	0	0	30	0	0	0	0	0	0	0	0	0
16	31	31	4654	508	4000	0	1	0	0	0	0	0	0	0	0	0	31	0	0	0	0	0	0	0	0	0
16	32	32	5166	508	4000	0	1	0	0	0	0	0	0	0	0	0	32	0	0	0	0	0	0	0	0	0
16	33	33	5678	508	4000	0	1	0	0	0	0	0	0	0	0	0	33	0	0	0	0	0	0	0	0	0
16	34	34	3629	508	4000	0	1	0	0	0	0	0	0	0	0	0	34	0	0	0	0	0	0	0	0	0
16	35	35	4141	508	4000	0	1	0	0	0	0	0	0	0	0	0	35	0	0	0	0	0	0	0	0	0
16	36	36	4653	508	4000	0	1	0	0	0	0	0	0	0	0	0	36	0	0	0	0	0	0	0	0	0
16	37	37	5165	508	4000	0	1	0	0	0	0	0	0	0	0	0	37	0	0	0	0	0	0	0	0	0
16	38	38	5677	508	4000	0	1	0	0	0	0	0	0	0	0	0	38	0	0	0	0	0	0	0	0	0
16	39	39	3628	508	4000	0	1	0	0	0	0	0	0	0	0	0	39	0	0	0	0	0	0	0	0	0
16	40	40	4140	508	4000	0	1	0	0	0	0	0	0	0	0	0	40	0	0	0	0	0	0	0	0	0
16	41	41	4652	508	4000	0	1	0	0	0	0	0	0	0	0	0	41	0	0	0	0	0	0	0	0	0
16	42	42	5164	508	4000	0	1	0	0	0	0	0	0	0	0	0	42	0	0	0	0	0	0	0	0	0
16	43	43	5676	508	4000	0	1	0	0	0	0	0	0	0	0	0	43	0	0	0	0	0	0	0	0	0
17	1	44	3627	508	3500	0	2	0	0	0	0	0	0	0	0	0	44	0	0	0	0	0	0	0	0	0
17	2	45	4139	508	3500	0	2	0	0	0	0	0	0	0	0	0	45	0	0	0	0	0	0	0	0	0
17	3	46	4651	508	3500	0	2	0	0	0	0	0	0	0	0	0	46	0	0	0	0	0	0	0	0	0
17	4	47	5163	508	3500	0	2	0	0	0	0	0	0	0	0	0	47	0	0	0	0	0	0	0	0	0
17	5	48	5675	508	3500	0	2	0	0	0	0	0	0	0	0	0	48	0	0	0	0	0	0	0	0	0
17	6	49	3617	508	3500	0	2	0	0	0	0	0	0	0	0	0	49	0	0	0	0	0	0	0	0	0
17	7	50	4129	508	3500	0	2	0	0	0	0	0	0	0	0	0	50	0	0	0	0	0	0	0	0	0
17	8	51	4641	508	3500	0	2	0	0	0	0	0	0	0	0	0	51	0	0	0	0	0	0	0	0	0
17	9	52	5153	508	3500	0	2	0	0	0	0	0	0	0	0	0	52	0	0	0	0	0	0	0	0	0
17	10	53	5665	508	3500	0	2	0	0	0	0	0	0	0	0	0	53	0	0	0	0	0	0	0	0	0
17	12	55	4128	508	3500	0	2	0	0	0	0	0	0	0	0	0	55	0	0	0	0	0	0	0	0	0
17	13	56	4640	508	3500	0	2	0	0	0	0	0	0	0	0	0	56	0	0	0	0	0	0	0	0	0
17	14	57	5152	508	3500	0	2	0	0	0	0	0	0	0	0	0	57	0	0	0	0	0	0	0	0	0
17	15	58	5664	508	3500	0	2	0	0	0	0	0	0	0	0	0	58	0	0	0	0	0	0	0	0	0
17	16	59	3615	508	3500	0	2	0	0	0	0	0	0	0	0	0	59	0	0	0	0	0	0	0	0	0
17	17	60	4127	508	3500	0	2	0	0	0	0	0	0	0	0	0	60	0	0	0	0	0	0	0	0	0
17	18	61	4639	508	3500	0	2	0	0	0	0	0	0	0	0	0	61	0	0	0	0	0	0	0	0	0
17	19	62	5151	508	3500	0	2	0	0	0	0	0	0	0	0	0	62	0	0	0	0	0	0	0	0	0
17	20	63	5663	508	3500	0	2	0	0	0	0	0	0	0	0	0	63	0	0	0	0	0	0	0	0	0
17	21	64	3614	508	3500	0	2	0	0	0	0	0	0	0	0	0	64	0	0	0	0	0	0	0	0	0
17	22	65	4126	508	3500	0	2	0	0	0	0	0	0	0	0	0	65	0	0	0	0	0	0	0	0	0
17	23	66	4638	508	3500	0	2	0	0	0	0	0	0	0	0	0	66	0	0	0	0	0	0	0	0	0
17	24	67	5150	508	3500	0	2	0	0	0	0	0	0	0	0	0	67	0	0	0	0	0	0	0	0	0
17	25	68	5662	508	3500	0	2	0	0	0	0	0	0	0	0	0	68	0	0	0	0	0	0	0	0	0
17	26	69	3613	508	3500	0	2	0	0	0	0	0	0	0	0	0	69	0	0	0	0	0	0	0	0	0
17	27	70	4125	508	3500	0	2	0	0	0	0	0	0	0	0	0	70	0	0	0	0	0	0	0	0	0
17	28	71	4637	508	3500	0	2	0	0	0	0	0	0	0	0	0	71	0	0	0	0	0	0	0	0	0
17	29	72	5149	508	3500	0	2	0	0	0	0	0	0	0	0	0	72	0	0	0	0	0	0	0	0	0
17	30	73	5661	508	3500	0	2	0	0	0	0	0	0	0	0	0	73	0	0	0	0	0	0	0	0	0
18	1	74	3584	508	3000	0	3	0	0	0	0	0	0	0	0	0	74	0	0	0	0	0	0	0	0	0
18	2	75	4096	508	3000	0	3	0	0	0	0	0	0	0	0	0	75	0	0	0	0	0	0	0	0	0
18	3	76	4608	508	3000	0	3	0	0	0	0	0	0	0	0	0	76	0	0	0	0	0	0	0	0	0
18	4	77	5120	508	3000	0	3	0	0	0	0	0	0	0	0	0	77	0	0	0	0	0	0	0	0	0
18	5	78	5632	508	3000	0	3	0	0	0	0	0	0	0	0	0	78	0	0	0	0	0	0	0	0	0
18	6	79	3585	508	3000	0	3	0	0	0	0	0	0	0	0	0	79	0	0	0	0	0	0	0	0	0
18	7	80	4097	508	3000	0	3	0	0	0	0	0	0	0	0	0	80	0	0	0	0	0	0	0	0	0
18	8	81	4609	508	3000	0	3	0	0	0	0	0	0	0	0	0	81	0	0	0	0	0	0	0	0	0
18	9	82	5121	508	3000	0	3	0	0	0	0	0	0	0	0	0	82	0	0	0	0	0	0	0	0	0
18	10	83	5633	508	3000	0	3	0	0	0	0	0	0	0	0	0	83	0	0	0	0	0	0	0	0	0
18	11	84	3586	508	3000	0	3	0	0	0	0	0	0	0	0	0	84	0	0	0	0	0	0	0	0	0
18	12	85	4098	508	3000	0	3	0	0	0	0	0	0	0	0	0	85	0	0	0	0	0	0	0	0	0
18	13	86	4610	508	3000	0	3	0	0	0	0	0	0	0	0	0	86	0	0	0	0	0	0	0	0	0
18	14	87	5122	508	3000	0	3	0	0	0	0	0	0	0	0	0	87	0	0	0	0	0	0	0	0	0
18	15	88	5634	508	3000	0	3	0	0	0	0	0	0	0	0	0	88	0	0	0	0	0	0	0	0	0
18	16	89	3587	508	3000	0	3	0	0	0	0	0	0	0	0	0	89	0	0	0	0	0	0	0	0	0
18	17	90	4099	508	3000	0	3	0	0	0	0	0	0	0	0	0	90	0	0	0	0	0	0	0	0	0
18	18	91	4611	508	3000	0	3	0	0	0	0	0	0	0	0	0	91	0	0	0	0	0	0	0	0	0
18	19	92	5123	508	3000	0	3	0	0	0	0	0	0	0	0	0	92	0	0	0	0	0	0	0	0	0
18	20	93	5635	508	3000	0	3	0	0	0	0	0	0	0	0	0	93	0	0	0	0	0	0	0	0	0
18	21	94	3588	508	3000	0	3	0	0	0	0	0	0	0	0	0	94	0	0	0	0	0	0	0	0	0
18	22	95	4100	508	3000	0	3	0	0	0	0	0	0	0	0	0	95	0	0	0	0	0	0	0	0	0
18	23	96	4612	508	3000	0	3	0	0	0	0	0	0	0	0	0	96	0	0	0	0	0	0	0	0	0
18	24	97	5124	508	3000	0	3	0	0	0	0	0	0	0	0	0	97	0	0	0	0	0	0	0	0	0
18	25	98	5636	508	3000	0	3	0	0	0	0	0	0	0	0	0	98	0	0	0	0	0	0	0	0	0
18	26	99	3589	508	3000	0	3	0	0	0	0	0	0	0	0	0	99	0	0	0	0	0	0	0	0	0
18	27	100	4101	508	3000	0	3	0	0	0	0	0	0	0	0	0	100	0	0	0	0	0	0	0	0	0
18	28	101	4613	508	3000	0	3	0	0	0	0	0	0	0	0	0	101	0	0	0	0	0	0	0	0	0
18	29	102	5125	508	3000	0	3	0	0	0	0	0	0	0	0	0	102	0	0	0	0	0	0	0	0	0
18	30	103	5637	508	3000	0	3	0	0	0	0	0	0	0	0	0	103	0	0	0	0	0	0	0	0	0
18	31	104	3590	508	3000	0	3	0	0	0	0	0	0	0	0	0	104	0	0	0	0	0	0	0	0	0
18	32	105	4102	508	3000	0	3	0	0	0	0	0	0	0	0	0	105	0	0	0	0	0	0	0	0	0
18	33	106	4614	508	3000	0	3	0	0	0	0	0	0	0	0	0	106	0	0	0	0	0	0	0	0	0
18	34	107	5126	508	3000	0	3	0	0	0	0	0	0	0	0	0	107	0	0	0	0	0	0	0	0	0
18	35	108	5638	508	3000	0	3	0	0	0	0	0	0	0	0	0	108	0	0	0	0	0	0	0	0	0
18	36	109	3591	508	3000	0	3	0	0	0	0	0	0	0	0	0	109	0	0	0	0	0	0	0	0	0
18	37	110	4103	508	3000	0	3	0	0	0	0	0	0	0	0	0	110	0	0	0	0	0	0	0	0	0
18	38	111	4615	508	3000	0	3	0	0	0	0	0	0	0	0	0	111	0	0	0	0	0	0	0	0	0
18	39	112	5127	508	3000	0	3	0	0	0	0	0	0	0	0	0	112	0	0	0	0	0	0	0	0	0
18	40	113	5639	508	3000	0	3	0	0	0	0	0	0	0	0	0	113	0	0	0	0	0	0	0	0	0
18	41	114	3592	508	3000	0	3	0	0	0	0	0	0	0	0	0	114	0	0	0	0	0	0	0	0	0
18	42	115	4104	508	3000	0	3	0	0	0	0	0	0	0	0	0	115	0	0	0	0	0	0	0	0	0
18	43	116	4616	508	3000	0	3	0	0	0	0	0	0	0	0	0	116	0	0	0	0	0	0	0	0	0
18	44	117	5128	508	3000	0	3	0	0	0	0	0	0	0	0	0	117	0	0	0	0	0	0	0	0	0
18	45	118	5640	508	3000	0	3	0	0	0	0	0	0	0	0	0	118	0	0	0	0	0	0	0	0	0
18	46	119	3593	508	3000	0	3	0	0	0	0	0	0	0	0	0	119	0	0	0	0	0	0	0	0	0
18	47	120	4105	508	3000	0	3	0	0	0	0	0	0	0	0	0	120	0	0	0	0	0	0	0	0	0
18	48	121	4617	508	3000	0	3	0	0	0	0	0	0	0	0	0	121	0	0	0	0	0	0	0	0	0
18	49	122	5129	508	3000	0	3	0	0	0	0	0	0	0	0	0	122	0	0	0	0	0	0	0	0	0
18	50	123	5641	508	3000	0	3	0	0	0	0	0	0	0	0	0	123	0	0	0	0	0	0	0	0	0
18	51	124	3594	508	3000	0	3	0	0	0	0	0	0	0	0	0	124	0	0	0	0	0	0	0	0	0
18	52	125	4106	508	3000	0	3	0	0	0	0	0	0	0	0	0	125	0	0	0	0	0	0	0	0	0
18	53	126	4618	508	3000	0	3	0	0	0	0	0	0	0	0	0	126	0	0	0	0	0	0	0	0	0
18	54	127	5130	508	3000	0	3	0	0	0	0	0	0	0	0	0	127	0	0	0	0	0	0	0	0	0
18	55	128	5642	508	3000	0	3	0	0	0	0	0	0	0	0	0	128	0	0	0	0	0	0	0	0	0
18	56	129	3595	508	3000	0	3	0	0	0	0	0	0	0	0	0	129	0	0	0	0	0	0	0	0	0
18	57	130	4107	508	3000	0	3	0	0	0	0	0	0	0	0	0	130	0	0	0	0	0	0	0	0	0
18	58	131	4619	508	3000	0	3	0	0	0	0	0	0	0	0	0	131	0	0	0	0	0	0	0	0	0
18	59	132	5131	508	3000	0	3	0	0	0	0	0	0	0	0	0	132	0	0	0	0	0	0	0	0	0
18	60	133	5643	508	3000	0	3	0	0	0	0	0	0	0	0	0	133	0	0	0	0	0	0	0	0	0
19	1	134	3596	508	3000	0	4	0	0	0	0	0	0	0	0	0	134	0	0	0	0	0	0	0	0	0
19	2	135	4108	508	3000	0	4	0	0	0	0	0	0	0	0	0	135	0	0	0	0	0	0	0	0	0
19	3	136	4620	508	3000	0	4	0	0	0	0	0	0	0	0	0	136	0	0	0	0	0	0	0	0	0
19	4	137	5132	508	3000	0	4	0	0	0	0	0	0	0	0	0	137	0	0	0	0	0	0	0	0	0
19	5	138	5644	508	3000	0	4	0	0	0	0	0	0	0	0	0	138	0	0	0	0	0	0	0	0	0
19	6	139	3597	508	3000	0	4	0	0	0	0	0	0	0	0	0	139	0	0	0	0	0	0	0	0	0
19	7	140	4109	508	3000	0	4	0	0	0	0	0	0	0	0	0	140	0	0	0	0	0	0	0	0	0
19	8	141	4621	508	3000	0	4	0	0	0	0	0	0	0	0	0	141	0	0	0	0	0	0	0	0	0
19	9	142	5133	508	3000	0	4	0	0	0	0	0	0	0	0	0	142	0	0	0	0	0	0	0	0	0
19	10	143	5645	508	3000	0	4	0	0	0	0	0	0	0	0	0	143	0	0	0	0	0	0	0	0	0
19	11	144	3598	508	3000	0	4	0	0	0	0	0	0	0	0	0	144	0	0	0	0	0	0	0	0	0
19	12	145	4110	508	3000	0	4	0	0	0	0	0	0	0	0	0	145	0	0	0	0	0	0	0	0	0
19	13	146	4622	508	3000	0	4	0	0	0	0	0	0	0	0	0	146	0	0	0	0	0	0	0	0	0
19	14	147	5134	508	3000	0	4	0	0	0	0	0	0	0	0	0	147	0	0	0	0	0	0	0	0	0
19	15	148	5646	508	3000	0	4	0	0	0	0	0	0	0	0	0	148	0	0	0	0	0	0	0	0	0
19	16	149	4111	508	3000	0	4	0	0	0	0	0	0	0	0	0	149	0	0	0	0	0	0	0	0	0
19	17	150	4623	508	3000	0	4	0	0	0	0	0	0	0	0	0	150	0	0	0	0	0	0	0	0	0
19	18	151	5135	508	3000	0	4	0	0	0	0	0	0	0	0	0	151	0	0	0	0	0	0	0	0	0
19	19	152	5647	508	3000	0	4	0	0	0	0	0	0	0	0	0	152	0	0	0	0	0	0	0	0	0
19	20	153	3600	508	3000	0	4	0	0	0	0	0	0	0	0	0	153	0	0	0	0	0	0	0	0	0
19	21	154	4112	508	3000	0	4	0	0	0	0	0	0	0	0	0	154	0	0	0	0	0	0	0	0	0
19	22	155	4624	508	3000	0	4	0	0	0	0	0	0	0	0	0	155	0	0	0	0	0	0	0	0	0
19	23	156	5136	508	3000	0	4	0	0	0	0	0	0	0	0	0	156	0	0	0	0	0	0	0	0	0
19	24	157	5648	508	3000	0	4	0	0	0	0	0	0	0	0	0	157	0	0	0	0	0	0	0	0	0
19	25	158	3601	508	3000	0	4	0	0	0	0	0	0	0	0	0	158	0	0	0	0	0	0	0	0	0
19	26	159	4113	508	3000	0	4	0	0	0	0	0	0	0	0	0	159	0	0	0	0	0	0	0	0	0
19	27	160	4625	508	3000	0	4	0	0	0	0	0	0	0	0	0	160	0	0	0	0	0	0	0	0	0
19	28	161	5137	508	3000	0	4	0	0	0	0	0	0	0	0	0	161	0	0	0	0	0	0	0	0	0
19	29	162	5649	508	3000	0	4	0	0	0	0	0	0	0	0	0	162	0	0	0	0	0	0	0	0	0
19	30	163	3602	508	3000	0	4	0	0	0	0	0	0	0	0	0	163	0	0	0	0	0	0	0	0	0
19	31	164	4114	508	3000	0	4	0	0	0	0	0	0	0	0	0	164	0	0	0	0	0	0	0	0	0
19	32	165	4626	508	3000	0	4	0	0	0	0	0	0	0	0	0	165	0	0	0	0	0	0	0	0	0
19	33	166	5138	508	3000	0	4	0	0	0	0	0	0	0	0	0	166	0	0	0	0	0	0	0	0	0
19	34	167	5650	508	3000	0	4	0	0	0	0	0	0	0	0	0	167	0	0	0	0	0	0	0	0	0
19	35	168	3603	508	3000	0	4	0	0	0	0	0	0	0	0	0	168	0	0	0	0	0	0	0	0	0
19	36	169	4115	508	3000	0	4	0	0	0	0	0	0	0	0	0	169	0	0	0	0	0	0	0	0	0
19	37	170	4627	508	3000	0	4	0	0	0	0	0	0	0	0	0	170	0	0	0	0	0	0	0	0	0
19	38	171	5139	508	3000	0	4	0	0	0	0	0	0	0	0	0	171	0	0	0	0	0	0	0	0	0
19	39	172	5651	508	3000	0	4	0	0	0	0	0	0	0	0	0	172	0	0	0	0	0	0	0	0	0
19	40	173	4116	508	3000	0	4	0	0	0	0	0	0	0	0	0	173	0	0	0	0	0	0	0	0	0
19	41	174	4628	508	3000	0	4	0	0	0	0	0	0	0	0	0	174	0	0	0	0	0	0	0	0	0
19	42	175	5140	508	3000	0	4	0	0	0	0	0	0	0	0	0	175	0	0	0	0	0	0	0	0	0
19	43	176	5652	508	3000	0	4	0	0	0	0	0	0	0	0	0	176	0	0	0	0	0	0	0	0	0
19	44	177	3605	508	3000	0	4	0	0	0	0	0	0	0	0	0	177	0	0	0	0	0	0	0	0	0
19	45	178	4117	508	3000	0	4	0	0	0	0	0	0	0	0	0	178	0	0	0	0	0	0	0	0	0
19	46	179	4629	508	3000	0	4	0	0	0	0	0	0	0	0	0	179	0	0	0	0	0	0	0	0	0
19	47	180	5141	508	3000	0	4	0	0	0	0	0	0	0	0	0	180	0	0	0	0	0	0	0	0	0
19	48	181	5653	508	3000	0	4	0	0	0	0	0	0	0	0	0	181	0	0	0	0	0	0	0	0	0
20	1	182	3606	508	3000	0	5	0	0	0	0	0	0	0	0	0	182	0	0	0	0	0	0	0	0	0
20	2	183	4118	508	3000	0	5	0	0	0	0	0	0	0	0	0	183	0	0	0	0	0	0	0	0	0
20	3	184	4630	508	3000	0	5	0	0	0	0	0	0	0	0	0	184	0	0	0	0	0	0	0	0	0
20	4	185	5142	508	3000	0	5	0	0	0	0	0	0	0	0	0	185	0	0	0	0	0	0	0	0	0
20	5	186	5654	508	3000	0	5	0	0	0	0	0	0	0	0	0	186	0	0	0	0	0	0	0	0	0
20	6	187	4119	508	3000	0	5	0	0	0	0	0	0	0	0	0	187	0	0	0	0	0	0	0	0	0
20	7	188	4631	508	3000	0	5	0	0	0	0	0	0	0	0	0	188	0	0	0	0	0	0	0	0	0
20	8	189	5143	508	3000	0	5	0	0	0	0	0	0	0	0	0	189	0	0	0	0	0	0	0	0	0
20	9	190	5655	508	3000	0	5	0	0	0	0	0	0	0	0	0	190	0	0	0	0	0	0	0	0	0
20	10	191	3608	508	3000	0	5	0	0	0	0	0	0	0	0	0	191	0	0	0	0	0	0	0	0	0
20	11	192	4120	508	3000	0	5	0	0	0	0	0	0	0	0	0	192	0	0	0	0	0	0	0	0	0
20	12	193	4632	508	3000	0	5	0	0	0	0	0	0	0	0	0	193	0	0	0	0	0	0	0	0	0
20	13	194	5144	508	3000	0	5	0	0	0	0	0	0	0	0	0	194	0	0	0	0	0	0	0	0	0
20	14	195	5656	508	3000	0	5	0	0	0	0	0	0	0	0	0	195	0	0	0	0	0	0	0	0	0
20	15	196	3609	508	3000	0	5	0	0	0	0	0	0	0	0	0	196	0	0	0	0	0	0	0	0	0
20	16	197	4121	508	3000	0	5	0	0	0	0	0	0	0	0	0	197	0	0	0	0	0	0	0	0	0
20	17	198	4633	508	3000	0	5	0	0	0	0	0	0	0	0	0	198	0	0	0	0	0	0	0	0	0
20	18	199	5145	508	3000	0	5	0	0	0	0	0	0	0	0	0	199	0	0	0	0	0	0	0	0	0
20	19	200	5657	508	3000	0	5	0	0	0	0	0	0	0	0	0	200	0	0	0	0	0	0	0	0	0
20	20	201	3610	508	3000	0	5	0	0	0	0	0	0	0	0	0	201	0	0	0	0	0	0	0	0	0
20	21	202	4122	508	3000	0	5	0	0	0	0	0	0	0	0	0	202	0	0	0	0	0	0	0	0	0
20	22	203	4634	508	3000	0	5	0	0	0	0	0	0	0	0	0	203	0	0	0	0	0	0	0	0	0
20	23	204	5146	508	3000	0	5	0	0	0	0	0	0	0	0	0	204	0	0	0	0	0	0	0	0	0
20	24	205	5658	508	3000	0	5	0	0	0	0	0	0	0	0	0	205	0	0	0	0	0	0	0	0	0
20	25	206	3611	508	3000	0	5	0	0	0	0	0	0	0	0	0	206	0	0	0	0	0	0	0	0	0
20	26	207	4123	508	3000	0	5	0	0	0	0	0	0	0	0	0	207	0	0	0	0	0	0	0	0	0
20	27	208	4635	508	3000	0	5	0	0	0	0	0	0	0	0	0	208	0	0	0	0	0	0	0	0	0
20	28	209	5147	508	3000	0	5	0	0	0	0	0	0	0	0	0	209	0	0	0	0	0	0	0	0	0
20	29	210	5659	508	3000	0	5	0	0	0	0	0	0	0	0	0	210	0	0	0	0	0	0	0	0	0
20	30	211	3612	508	3000	0	5	0	0	0	0	0	0	0	0	0	211	0	0	0	0	0	0	0	0	0
20	31	212	4124	508	3000	0	5	0	0	0	0	0	0	0	0	0	212	0	0	0	0	0	0	0	0	0
20	32	213	4636	508	3000	0	5	0	0	0	0	0	0	0	0	0	213	0	0	0	0	0	0	0	0	0
20	33	214	5148	508	3000	0	5	0	0	0	0	0	0	0	0	0	214	0	0	0	0	0	0	0	0	0
20	34	215	5660	508	3000	0	5	0	0	0	0	0	0	0	0	0	215	0	0	0	0	0	0	0	0	0
20	35	216	3618	508	3000	0	5	0	0	0	0	0	0	0	0	0	216	0	0	0	0	0	0	0	0	0
20	36	217	4130	508	3000	0	5	0	0	0	0	0	0	0	0	0	217	0	0	0	0	0	0	0	0	0
20	37	218	4642	508	3000	0	5	0	0	0	0	0	0	0	0	0	218	0	0	0	0	0	0	0	0	0
20	38	219	5154	508	3000	0	5	0	0	0	0	0	0	0	0	0	219	0	0	0	0	0	0	0	0	0
20	39	220	5666	508	3000	0	5	0	0	0	0	0	0	0	0	0	220	0	0	0	0	0	0	0	0	0
20	40	221	3619	508	3000	0	5	0	0	0	0	0	0	0	0	0	221	0	0	0	0	0	0	0	0	0
20	41	222	4131	508	3000	0	5	0	0	0	0	0	0	0	0	0	222	0	0	0	0	0	0	0	0	0
20	42	223	4643	508	3000	0	5	0	0	0	0	0	0	0	0	0	223	0	0	0	0	0	0	0	0	0
20	43	224	5155	508	3000	0	5	0	0	0	0	0	0	0	0	0	224	0	0	0	0	0	0	0	0	0
20	44	225	5667	508	3000	0	5	0	0	0	0	0	0	0	0	0	225	0	0	0	0	0	0	0	0	0
21	1	226	3620	508	3000	0	6	0	0	0	0	0	0	0	0	0	226	0	0	0	0	0	0	0	0	0
21	2	227	4132	508	3000	0	6	0	0	0	0	0	0	0	0	0	227	0	0	0	0	0	0	0	0	0
21	3	228	4644	508	3000	0	6	0	0	0	0	0	0	0	0	0	228	0	0	0	0	0	0	0	0	0
21	4	229	5156	508	3000	0	6	0	0	0	0	0	0	0	0	0	229	0	0	0	0	0	0	0	0	0
21	5	230	5668	508	3000	0	6	0	0	0	0	0	0	0	0	0	230	0	0	0	0	0	0	0	0	0
21	6	231	4133	508	3000	0	6	0	0	0	0	0	0	0	0	0	231	0	0	0	0	0	0	0	0	0
21	7	232	4645	508	3000	0	6	0	0	0	0	0	0	0	0	0	232	0	0	0	0	0	0	0	0	0
21	8	233	5157	508	3000	0	6	0	0	0	0	0	0	0	0	0	233	0	0	0	0	0	0	0	0	0
21	9	234	5669	508	3000	0	6	0	0	0	0	0	0	0	0	0	234	0	0	0	0	0	0	0	0	0
21	10	235	3622	508	3000	0	6	0	0	0	0	0	0	0	0	0	235	0	0	0	0	0	0	0	0	0
21	11	236	4134	508	3000	0	6	0	0	0	0	0	0	0	0	0	236	0	0	0	0	0	0	0	0	0
21	12	237	4646	508	3000	0	6	0	0	0	0	0	0	0	0	0	237	0	0	0	0	0	0	0	0	0
21	13	238	5158	508	3000	0	6	0	0	0	0	0	0	0	0	0	238	0	0	0	0	0	0	0	0	0
21	14	239	5670	508	3000	0	6	0	0	0	0	0	0	0	0	0	239	0	0	0	0	0	0	0	0	0
21	15	240	3623	508	3000	0	6	0	0	0	0	0	0	0	0	0	240	0	0	0	0	0	0	0	0	0
21	16	241	4135	508	3000	0	6	0	0	0	0	0	0	0	0	0	241	0	0	0	0	0	0	0	0	0
21	17	242	4647	508	3000	0	6	0	0	0	0	0	0	0	0	0	242	0	0	0	0	0	0	0	0	0
21	18	243	5159	508	3000	0	6	0	0	0	0	0	0	0	0	0	243	0	0	0	0	0	0	0	0	0
21	19	244	5671	508	3000	0	6	0	0	0	0	0	0	0	0	0	244	0	0	0	0	0	0	0	0	0
21	20	245	3624	508	3000	0	6	0	0	0	0	0	0	0	0	0	245	0	0	0	0	0	0	0	0	0
21	21	246	4136	508	3000	0	6	0	0	0	0	0	0	0	0	0	246	0	0	0	0	0	0	0	0	0
21	22	247	4648	508	3000	0	6	0	0	0	0	0	0	0	0	0	247	0	0	0	0	0	0	0	0	0
21	23	248	5160	508	3000	0	6	0	0	0	0	0	0	0	0	0	248	0	0	0	0	0	0	0	0	0
21	24	249	5672	508	3000	0	6	0	0	0	0	0	0	0	0	0	249	0	0	0	0	0	0	0	0	0
21	25	250	3625	508	3000	0	6	0	0	0	0	0	0	0	0	0	250	0	0	0	0	0	0	0	0	0
21	26	251	4137	508	3000	0	6	0	0	0	0	0	0	0	0	0	251	0	0	0	0	0	0	0	0	0
21	27	252	4649	508	3000	0	6	0	0	0	0	0	0	0	0	0	252	0	0	0	0	0	0	0	0	0
21	28	253	5161	508	3000	0	6	0	0	0	0	0	0	0	0	0	253	0	0	0	0	0	0	0	0	0
21	29	254	5673	508	3000	0	6	0	0	0	0	0	0	0	0	0	254	0	0	0	0	0	0	0	0	0
21	30	255	3626	508	3000	0	6	0	0	0	0	0	0	0	0	0	255	0	0	0	0	0	0	0	0	0
21	31	256	4138	508	3000	0	6	0	0	0	0	0	0	0	0	0	256	0	0	0	0	0	0	0	0	0
21	32	257	4650	508	3000	0	6	0	0	0	0	0	0	0	0	0	257	0	0	0	0	0	0	0	0	0
21	33	258	5162	508	3000	0	6	0	0	0	0	0	0	0	0	0	258	0	0	0	0	0	0	0	0	0
21	34	259	5674	508	3000	0	6	0	0	0	0	0	0	0	0	0	259	0	0	0	0	0	0	0	0	0
21	35	260	3644	508	3000	0	6	0	0	0	0	0	0	0	0	0	264	0	0	0	0	0	0	0	0	0
21	36	261	4156	508	3000	0	6	0	0	0	0	0	0	0	0	0	265	0	0	0	0	0	0	0	0	0
21	37	262	4668	508	3000	0	6	0	0	0	0	0	0	0	0	0	266	0	0	0	0	0	0	0	0	0
21	38	263	5692	508	3000	0	6	0	0	0	0	0	0	0	0	0	267	0	0	0	0	0	0	0	0	0
21	39	264	3645	508	3000	0	6	0	0	0	0	0	0	0	0	0	268	0	0	0	0	0	0	0	0	0
21	40	265	4157	508	3000	0	6	0	0	0	0	0	0	0	0	0	269	0	0	0	0	0	0	0	0	0
21	41	266	4669	508	3000	0	6	0	0	0	0	0	0	0	0	0	270	0	0	0	0	0	0	0	0	0
21	42	267	5693	508	3000	0	6	0	0	0	0	0	0	0	0	0	271	0	0	0	0	0	0	0	0	0
21	43	268	3657	508	3500	0	6	0	0	0	0	0	0	0	0	0	272	0	0	0	0	0	0	0	0	0
21	44	269	4169	508	3500	0	6	0	0	0	0	0	0	0	0	0	273	0	0	0	0	0	0	0	0	0
21	45	270	4681	508	3500	0	6	0	0	0	0	0	0	0	0	0	274	0	0	0	0	0	0	0	0	0
21	46	271	5705	508	3500	0	6	0	0	0	0	0	0	0	0	0	275	0	0	0	0	0	0	0	0	0
22	1	272	3085	508	5000	0	7	0	0	0	0	0	0	0	0	0	276	0	0	0	0	0	0	0	0	0
22	2	273	3086	508	5000	0	7	0	0	0	0	0	0	0	0	0	277	0	0	0	0	0	0	0	0	0
22	3	274	3087	508	5000	0	7	0	0	0	0	0	0	0	0	0	278	0	0	0	0	0	0	0	0	0
22	4	275	3088	508	5000	0	7	0	0	0	0	0	0	0	0	0	279	0	0	0	0	0	0	0	0	0
22	5	276	3089	508	5000	0	7	0	0	0	0	0	0	0	0	0	280	0	0	0	0	0	0	0	0	0
22	6	277	3090	508	5000	0	7	0	0	0	0	0	0	0	0	0	281	0	0	0	0	0	0	0	0	0
22	7	278	3091	508	5000	0	7	0	0	0	0	0	0	0	0	0	282	0	0	0	0	0	0	0	0	0
22	8	279	3092	508	5000	0	7	0	0	0	0	0	0	0	0	0	283	0	0	0	0	0	0	0	0	0
22	9	280	3093	508	5000	0	7	0	0	0	0	0	0	0	0	0	284	0	0	0	0	0	0	0	0	0
23	1	281	6144	508	8500	0	8	0	0	0	0	0	0	0	0	0	285	0	0	0	0	0	0	0	0	0
23	2	282	6145	508	8500	0	8	0	0	0	0	0	0	0	0	0	286	0	0	0	0	0	0	0	0	0
23	3	283	6146	508	8500	0	8	0	0	0	0	0	0	0	0	0	287	0	0	0	0	0	0	0	0	0
23	4	284	6147	508	9000	0	8	0	0	0	0	0	0	0	0	0	288	0	0	0	0	0	0	0	0	0
23	5	285	6148	508	9000	0	8	0	0	0	0	0	0	0	0	0	289	0	0	0	0	0	0	0	0	0
23	6	286	6149	508	9000	0	8	0	0	0	0	0	0	0	0	0	290	0	0	0	0	0	0	0	0	0
23	7	287	6150	508	9000	0	8	0	0	0	0	0	0	0	0	0	291	0	0	0	0	0	0	0	0	0
23	8	288	6180	508	10000	0	8	0	0	0	0	0	0	0	0	0	292	0	0	0	0	0	0	0	0	0
23	9	289	6181	508	10000	0	8	0	0	0	0	0	0	0	0	0	293	0	0	0	0	0	0	0	0	0
23	10	290	6182	508	10000	0	8	0	0	0	0	0	0	0	0	0	294	0	0	0	0	0	0	0	0	0
23	11	291	6183	508	10000	0	8	0	0	0	0	0	0	0	0	0	295	0	0	0	0	0	0	0	0	0
23	12	292	6184	508	10000	0	8	0	0	0	0	0	0	0	0	0	296	0	0	0	0	0	0	0	0	0
23	13	293	6185	508	8500	0	8	0	0	0	0	0	0	0	0	0	297	0	0	0	0	0	0	0	0	0
23	14	294	6186	508	9000	0	8	0	0	0	0	0	0	0	0	0	298	0	0	0	0	0	0	0	0	0
23	15	295	6187	508	10000	0	8	0	0	0	0	0	0	0	0	0	299	0	0	0	0	0	0	0	0	0
23	16	296	6193	508	9000	0	8	0	0	0	0	0	0	0	0	0	300	0	0	0	0	0	0	0	0	0
23	17	297	6194	508	10000	0	8	0	0	0	0	0	0	0	0	0	301	0	0	0	0	0	0	0	0	0
24	1	298	6664	508	5000	0	9	0	0	0	0	0	0	0	0	0	302	0	0	0	0	0	0	0	0	0
24	2	299	6665	508	5000	0	9	0	0	0	0	0	0	0	0	0	303	0	0	0	0	0	0	0	0	0
24	3	300	6668	508	5000	0	9	0	0	0	0	0	0	0	0	0	304	0	0	0	0	0	0	0	0	0
24	4	301	6669	508	5000	0	9	0	0	0	0	0	0	0	0	0	305	0	0	0	0	0	0	0	0	0
24	5	302	6677	508	5000	0	9	0	0	0	0	0	0	0	0	0	306	0	0	0	0	0	0	0	0	0
24	6	303	6678	508	5000	0	9	0	0	0	0	0	0	0	0	0	307	0	0	0	0	0	0	0	0	0
24	7	304	6679	508	5000	0	9	0	0	0	0	0	0	0	0	0	308	0	0	0	0	0	0	0	0	0
24	8	305	6680	508	5000	0	9	0	0	0	0	0	0	0	0	0	309	0	0	0	0	0	0	0	0	0
24	9	306	6681	508	5000	0	9	0	0	0	0	0	0	0	0	0	310	0	0	0	0	0	0	0	0	0
24	10	307	6682	508	5000	0	9	0	0	0	0	0	0	0	0	0	311	0	0	0	0	0	0	0	0	0
24	11	308	6683	508	5000	0	9	0	0	0	0	0	0	0	0	0	312	0	0	0	0	0	0	0	0	0
24	12	309	6684	508	5000	0	9	0	0	0	0	0	0	0	0	0	313	0	0	0	0	0	0	0	0	0
25	1	310	1035	508	3000	0	10	0	0	0	0	0	0	0	0	0	330	0	0	0	0	0	0	0	0	0
25	2	311	1036	508	3000	0	10	0	0	0	0	0	0	0	0	0	331	0	0	0	0	0	0	0	0	0
25	3	312	1037	508	3000	0	10	0	0	0	0	0	0	0	0	0	332	0	0	0	0	0	0	0	0	0
25	4	313	1038	508	3000	0	10	0	0	0	0	0	0	0	0	0	333	0	0	0	0	0	0	0	0	0
25	5	314	1039	508	3000	0	10	0	0	0	0	0	0	0	0	0	334	0	0	0	0	0	0	0	0	0
25	6	315	1040	508	3000	0	10	0	0	0	0	0	0	0	0	0	335	0	0	0	0	0	0	0	0	0
25	7	316	1041	508	3000	0	10	0	0	0	0	0	0	0	0	0	336	0	0	0	0	0	0	0	0	0
25	8	317	1042	508	3000	0	10	0	0	0	0	0	0	0	0	0	337	0	0	0	0	0	0	0	0	0
25	9	318	1545	508	3000	0	10	0	0	0	0	0	0	0	0	0	338	0	0	0	0	0	0	0	0	0
25	10	319	1546	508	3000	0	10	0	0	0	0	0	0	0	0	0	339	0	0	0	0	0	0	0	0	0
25	11	320	1547	508	3000	0	10	0	0	0	0	0	0	0	0	0	340	0	0	0	0	0	0	0	0	0
25	12	321	2067	508	3000	0	10	0	0	0	0	0	0	0	0	0	341	0	0	0	0	0	0	0	0	0
25	13	322	2068	508	3000	0	10	0	0	0	0	0	0	0	0	0	342	0	0	0	0	0	0	0	0	0
25	14	323	2069	508	3000	0	10	0	0	0	0	0	0	0	0	0	343	0	0	0	0	0	0	0	0	0
25	15	324	2070	508	3000	0	10	0	0	0	0	0	0	0	0	0	344	0	0	0	0	0	0	0	0	0
25	16	325	2071	508	3000	0	10	0	0	0	0	0	0	0	0	0	345	0	0	0	0	0	0	0	0	0
25	17	326	2072	508	3000	0	10	0	0	0	0	0	0	0	0	0	346	0	0	0	0	0	0	0	0	0
25	18	327	2066	508	3000	0	10	0	0	0	0	0	0	0	0	0	347	0	0	0	0	0	0	0	0	0
25	19	328	2569	508	3000	0	10	0	0	0	0	0	0	0	0	0	348	0	0	0	0	0	0	0	0	0
25	20	329	2570	508	3000	0	10	0	0	0	0	0	0	0	0	0	349	0	0	0	0	0	0	0	0	0
25	21	330	2571	508	3000	0	10	0	0	0	0	0	0	0	0	0	350	0	0	0	0	0	0	0	0	0
25	22	331	2572	508	3000	0	10	0	0	0	0	0	0	0	0	0	351	0	0	0	0	0	0	0	0	0
25	23	332	2573	508	3000	0	10	0	0	0	0	0	0	0	0	0	352	0	0	0	0	0	0	0	0	0
25	24	333	2578	508	3000	0	10	0	0	0	0	0	0	0	0	0	353	0	0	0	0	0	0	0	0	0
25	25	334	2579	508	3000	0	10	0	0	0	0	0	0	0	0	0	354	0	0	0	0	0	0	0	0	0
25	26	335	2581	508	3000	0	10	0	0	0	0	0	0	0	0	0	355	0	0	0	0	0	0	0	0	0
25	27	336	2582	508	3000	0	10	0	0	0	0	0	0	0	0	0	356	0	0	0	0	0	0	0	0	0
25	28	337	2583	508	3000	0	10	0	0	0	0	0	0	0	0	0	357	0	0	0	0	0	0	0	0	0
25	29	338	2590	508	3000	0	10	0	0	0	0	0	0	0	0	0	358	0	0	0	0	0	0	0	0	0
25	30	339	2591	508	3000	0	10	0	0	0	0	0	0	0	0	0	359	0	0	0	0	0	0	0	0	0
25	31	340	2593	508	3000	0	10	0	0	0	0	0	0	0	0	0	360	0	0	0	0	0	0	0	0	0
25	32	341	2594	508	3000	0	10	0	0	0	0	0	0	0	0	0	361	0	0	0	0	0	0	0	0	0
26	1	342	6268	508	800	0	11	0	0	0	0	0	0	0	0	0	362	0	0	0	0	0	0	0	0	0
26	2	343	6268	508	800	0	11	0	0	0	0	0	0	0	0	0	363	0	0	0	0	0	0	0	0	0
26	3	344	6268	508	800	0	11	0	0	0	0	0	0	0	0	0	364	0	0	0	0	0	0	0	0	0
26	4	345	6268	508	800	0	11	0	0	0	0	0	0	0	0	0	365	0	0	0	0	0	0	0	0	0
26	5	346	6268	508	800	0	11	0	0	0	0	0	0	0	0	0	366	0	0	0	0	0	0	0	0	0
26	6	347	6268	508	800	0	11	0	0	0	0	0	0	0	0	0	367	0	0	0	0	0	0	0	0	0
26	7	348	6269	508	800	0	11	0	0	0	0	0	0	0	0	0	368	0	0	0	0	0	0	0	0	0
26	8	349	6269	508	800	0	11	0	0	0	0	0	0	0	0	0	369	0	0	0	0	0	0	0	0	0
26	9	350	6269	508	800	0	11	0	0	0	0	0	0	0	0	0	370	0	0	0	0	0	0	0	0	0
26	10	351	6269	508	800	0	11	0	0	0	0	0	0	0	0	0	371	0	0	0	0	0	0	0	0	0
26	11	352	6269	508	800	0	11	0	0	0	0	0	0	0	0	0	372	0	0	0	0	0	0	0	0	0
26	13	354	6270	508	800	0	11	0	0	0	0	0	0	0	0	0	373	0	0	0	0	0	0	0	0	0
26	14	355	6270	508	800	0	11	0	0	0	0	0	0	0	0	0	374	0	0	0	0	0	0	0	0	0
26	15	356	6270	508	800	0	11	0	0	0	0	0	0	0	0	0	375	0	0	0	0	0	0	0	0	0
26	16	357	6270	508	800	0	11	0	0	0	0	0	0	0	0	0	376	0	0	0	0	0	0	0	0	0
26	17	358	6270	508	800	0	11	0	0	0	0	0	0	0	0	0	377	0	0	0	0	0	0	0	0	0
26	18	359	6271	508	800	0	11	0	0	0	0	0	0	0	0	0	378	0	0	0	0	0	0	0	0	0
26	19	360	6271	508	800	0	11	0	0	0	0	0	0	0	0	0	379	0	0	0	0	0	0	0	0	0
26	20	361	6271	508	800	0	11	0	0	0	0	0	0	0	0	0	380	0	0	0	0	0	0	0	0	0
26	22	363	6271	508	800	0	11	0	0	0	0	0	0	0	0	0	381	0	0	0	0	0	0	0	0	0
26	23	364	6271	508	800	0	11	0	0	0	0	0	0	0	0	0	382	0	0	0	0	0	0	0	0	0
26	24	365	6271	508	800	0	11	0	0	0	0	0	0	0	0	0	383	0	0	0	0	0	0	0	0	0
26	25	366	6272	508	800	0	11	0	0	0	0	0	0	0	0	0	384	0	0	0	0	0	0	0	0	0
26	26	367	6272	508	800	0	11	0	0	0	0	0	0	0	0	0	385	0	0	0	0	0	0	0	0	0
26	27	368	6272	508	800	0	11	0	0	0	0	0	0	0	0	0	386	0	0	0	0	0	0	0	0	0
26	28	369	6272	508	800	0	11	0	0	0	0	0	0	0	0	0	387	0	0	0	0	0	0	0	0	0
26	29	370	6273	508	800	0	11	0	0	0	0	0	0	0	0	0	388	0	0	0	0	0	0	0	0	0
25	33	371	18	508	3000	0	10	0	0	0	0	0	0	0	0	0	314	0	0	0	0	0	0	0	0	0
25	34	372	19	508	3000	0	10	0	0	0	0	0	0	0	0	0	315	0	0	0	0	0	0	0	0	0
25	35	373	20	508	3000	0	10	0	0	0	0	0	0	0	0	0	316	0	0	0	0	0	0	0	0	0
25	36	374	21	508	3000	0	10	0	0	0	0	0	0	0	0	0	317	0	0	0	0	0	0	0	0	0
25	37	375	22	508	3000	0	10	0	0	0	0	0	0	0	0	0	318	0	0	0	0	0	0	0	0	0
25	38	376	23	508	3000	0	10	0	0	0	0	0	0	0	0	0	319	0	0	0	0	0	0	0	0	0
25	39	377	24	508	3000	0	10	0	0	0	0	0	0	0	0	0	320	0	0	0	0	0	0	0	0	0
25	40	378	25	508	3000	0	10	0	0	0	0	0	0	0	0	0	321	0	0	0	0	0	0	0	0	0
25	41	379	26	508	3000	0	10	0	0	0	0	0	0	0	0	0	322	0	0	0	0	0	0	0	0	0
25	42	380	27	508	3000	0	10	0	0	0	0	0	0	0	0	0	323	0	0	0	0	0	0	0	0	0
25	43	381	28	508	3000	0	10	0	0	0	0	0	0	0	0	0	324	0	0	0	0	0	0	0	0	0
25	44	382	31	508	3000	0	10	0	0	0	0	0	0	0	0	0	325	0	0	0	0	0	0	0	0	0
25	45	383	32	508	3000	0	10	0	0	0	0	0	0	0	0	0	326	0	0	0	0	0	0	0	0	0
25	46	384	33	508	3000	0	10	0	0	0	0	0	0	0	0	0	327	0	0	0	0	0	0	0	0	0
25	47	385	34	508	3000	0	10	0	0	0	0	0	0	0	0	0	328	0	0	0	0	0	0	0	0	0
25	48	386	35	508	3000	0	10	0	0	0	0	0	0	0	0	0	329	0	0	0	0	0	0	0	0	0
28	1	389	6656	0	1500	0	13	0	0	0	0	0	0	0	0	0	389	0	0	0	0	0	0	0	0	0
28	2	390	6657	0	1500	0	13	0	0	0	0	0	0	0	0	0	390	0	0	0	0	0	0	0	0	0
28	3	391	6720	0	2000	0	13	0	0	0	0	0	0	0	0	0	391	0	0	0	0	0	0	0	0	0
28	4	392	6721	0	2000	0	13	0	0	0	0	0	0	0	0	0	392	0	0	0	0	0	0	0	0	0
28	5	393	6723	0	2000	0	13	0	0	0	0	0	0	0	0	0	393	0	0	0	0	0	0	0	0	0
28	6	394	6736	0	2000	0	13	0	0	0	0	0	0	0	0	0	394	0	0	0	0	0	0	0	0	0
28	7	395	6762	0	2000	0	13	0	0	0	0	0	0	0	0	0	395	0	0	0	0	0	0	0	0	0
28	8	396	6779	0	2000	0	13	0	0	0	0	0	0	0	0	0	396	0	0	0	0	0	0	0	0	0
29	1	397	6818	0	2500	0	14	0	0	0	0	0	0	0	0	0	397	0	0	0	0	0	0	0	0	0
29	2	398	6817	0	2500	0	14	0	0	0	0	0	0	0	0	0	398	0	0	0	0	0	0	0	0	0
29	3	399	6280	0	2500	0	14	0	0	0	0	0	0	0	0	0	399	0	0	0	0	0	0	0	0	0
29	4	400	6281	0	2500	0	14	0	0	0	0	0	0	0	0	0	400	0	0	0	0	0	0	0	0	0
29	5	401	6282	0	2500	0	14	0	0	0	0	0	0	0	0	0	401	0	0	0	0	0	0	0	0	0
29	6	402	6283	0	2500	0	14	0	0	0	0	0	0	0	0	0	402	0	0	0	0	0	0	0	0	0
29	7	403	6284	0	5000	0	14	0	0	0	0	0	0	0	0	0	403	0	0	0	0	0	0	0	0	0
29	8	404	6285	0	2500	0	14	0	0	0	0	0	0	0	0	0	404	0	0	0	0	0	0	0	0	0
29	9	405	6286	0	2500	0	14	0	0	0	0	0	0	0	0	0	405	0	0	0	0	0	0	0	0	0
29	10	406	6287	0	2500	0	14	0	0	0	0	0	0	0	0	0	406	0	0	0	0	0	0	0	0	0
30	1	407	7179	0	1000	0	15	0	0	0	0	0	0	0	0	0	407	0	0	0	0	0	0	0	0	0
30	2	408	7179	0	1500	0	15	0	0	0	0	0	0	0	0	0	408	0	0	0	0	0	0	0	0	0
30	3	409	7179	0	2000	0	15	0	0	0	0	0	0	0	0	0	409	0	0	0	0	0	0	0	0	0
30	4	410	7179	0	2500	0	15	0	0	0	0	0	0	0	0	0	410	0	0	0	0	0	0	0	0	0
30	5	411	7179	0	3000	0	15	0	0	0	0	0	0	0	0	0	411	0	0	0	0	0	0	0	0	0
30	6	412	7220	0	3200	0	15	0	0	0	0	0	0	0	0	0	412	0	0	0	0	0	0	0	0	0
31	1	413	6204	0	4500	0	16	0	0	0	0	0	0	0	0	0	413	0	0	0	0	0	0	0	0	0
31	2	414	6205	0	4500	0	16	0	0	0	0	0	0	0	0	0	414	0	0	0	0	0	0	0	0	0
31	3	415	6206	0	4500	0	16	0	0	0	0	0	0	0	0	0	415	0	0	0	0	0	0	0	0	0
31	4	416	6207	0	4500	0	16	0	0	0	0	0	0	0	0	0	416	0	0	0	0	0	0	0	0	0
31	5	417	6208	0	4500	0	16	0	0	0	0	0	0	0	0	0	417	0	0	0	0	0	0	0	0	0
31	6	418	6209	0	4500	0	16	0	0	0	0	0	0	0	0	0	418	0	0	0	0	0	0	0	0	0
32	1	419	6760	0	2000	0	17	0	0	0	0	0	0	0	0	0	419	0	0	0	0	0	0	0	0	0
32	2	420	6761	0	2000	0	17	0	0	0	0	0	0	0	0	0	420	0	0	0	0	0	0	0	0	0
32	3	421	7240	0	2000	0	17	0	0	0	0	0	0	0	0	0	421	0	0	0	0	0	0	0	0	0
32	4	422	7241	0	2000	0	17	0	0	0	0	0	0	0	0	0	422	0	0	0	0	0	0	0	0	0
32	5	423	7242	0	2000	0	17	0	0	0	0	0	0	0	0	0	423	0	0	0	0	0	0	0	0	0
32	6	424	7243	0	2000	0	17	0	0	0	0	0	0	0	0	0	424	0	0	0	0	0	0	0	0	0
32	7	425	7244	0	2000	0	17	0	0	0	0	0	0	0	0	0	425	0	0	0	0	0	0	0	0	0
32	8	426	7245	0	2000	0	17	0	0	0	0	0	0	0	0	0	426	0	0	0	0	0	0	0	0	0
33	1	427	7330	0	2000	0	18	0	0	0	0	0	0	0	0	0	427	0	0	0	0	0	0	0	0	0
33	2	428	7331	0	2000	0	18	0	0	0	0	0	0	0	0	0	428	0	0	0	0	0	0	0	0	0
33	3	429	6791	0	2000	0	18	0	0	0	0	0	0	0	0	0	429	0	0	0	0	0	0	0	0	0
33	4	430	6792	0	2000	0	18	0	0	0	0	0	0	0	0	0	430	0	0	0	0	0	0	0	0	0
33	5	431	6793	0	2000	0	18	0	0	0	0	0	0	0	0	0	431	0	0	0	0	0	0	0	0	0
33	6	432	6794	0	2000	0	18	0	0	0	0	0	0	0	0	0	432	0	0	0	0	0	0	0	0	0
33	7	433	6795	0	2000	0	18	0	0	0	0	0	0	0	0	0	433	0	0	0	0	0	0	0	0	0
33	8	434	6796	0	2000	0	18	0	0	0	0	0	0	0	0	0	434	0	0	0	0	0	0	0	0	0
33	9	435	6797	0	2000	0	18	0	0	0	0	0	0	0	0	0	435	0	0	0	0	0	0	0	0	0
33	10	436	6798	0	2000	0	18	0	0	0	0	0	0	0	0	0	436	0	0	0	0	0	0	0	0	0
33	11	437	6799	0	2000	0	18	0	0	0	0	0	0	0	0	0	437	0	0	0	0	0	0	0	0	0
33	12	438	6800	0	2000	0	18	0	0	0	0	0	0	0	0	0	438	0	0	0	0	0	0	0	0	0
34	1	439	6763	0	1000	0	19	0	0	0	0	0	0	0	0	0	439	0	0	0	0	0	0	0	0	0
34	2	440	6765	0	1000	0	19	0	0	0	0	0	0	0	0	0	440	0	0	0	0	0	0	0	0	0
34	3	441	6766	0	1000	0	19	0	0	0	0	0	0	0	0	0	441	0	0	0	0	0	0	0	0	0
34	4	442	6767	0	1000	0	19	0	0	0	0	0	0	0	0	0	442	0	0	0	0	0	0	0	0	0
34	5	443	6768	0	1000	0	19	0	0	0	0	0	0	0	0	0	443	0	0	0	0	0	0	0	0	0
34	6	444	6769	0	1000	0	19	0	0	0	0	0	0	0	0	0	444	0	0	0	0	0	0	0	0	0
34	7	445	6770	0	1000	0	19	0	0	0	0	0	0	0	0	0	445	0	0	0	0	0	0	0	0	0
34	8	446	6771	0	1000	0	19	0	0	0	0	0	0	0	0	0	446	0	0	0	0	0	0	0	0	0
35	1	447	6147	0	5000	0	20	0	0	0	0	0	0	0	0	0	447	0	0	0	0	0	0	0	0	0
35	2	448	6148	0	5000	0	20	0	0	0	0	0	0	0	0	0	448	0	0	0	0	0	0	0	0	0
35	3	449	6149	0	5000	0	20	0	0	0	0	0	0	0	0	0	449	0	0	0	0	0	0	0	0	0
35	4	450	6150	0	5000	0	20	0	0	0	0	0	0	0	0	0	450	0	0	0	0	0	0	0	0	0
35	5	451	6186	0	5000	0	20	0	0	0	0	0	0	0	0	0	451	0	0	0	0	0	0	0	0	0
35	6	452	6180	0	9000	0	20	0	0	0	0	0	0	0	0	0	452	0	0	0	0	0	0	0	0	0
35	7	453	6181	0	9000	0	20	0	0	0	0	0	0	0	0	0	453	0	0	0	0	0	0	0	0	0
35	8	454	6182	0	9000	0	20	0	0	0	0	0	0	0	0	0	454	0	0	0	0	0	0	0	0	0
35	9	455	6183	0	9000	0	20	0	0	0	0	0	0	0	0	0	455	0	0	0	0	0	0	0	0	0
35	10	456	6184	0	9000	0	20	0	0	0	0	0	0	0	0	0	456	0	0	0	0	0	0	0	0	0
end



